%YAML:1.0
---
calibration_time: "Friday 11 October 2019 04:21:28 PM IST"
nframes: 21
image_width: 1920
image_height: 1080
board_width: 11
board_height: 7
square_size: 8.6000002920627594e-02
flags: 0
camera_matrix: !!opencv-matrix
   rows: 3
   cols: 3
   dt: d
   data: [ 7.4656903261375346e+03, 0., 9.0763427028958245e+02, 0.,
       6.7214042311169860e+03, 6.2140342401108819e+02, 0., 0., 1. ]
distortion_coefficients: !!opencv-matrix
   rows: 5
   cols: 1
   dt: d
   data: [ -1.0133986428171180e+00, -5.2746165914621635e+01,
       -3.4329463259910370e-01, -4.0235161130612575e-02, 0. ]
avg_reprojection_error: 1.4122386745417896e+00
per_view_reprojection_errors: !!opencv-matrix
   rows: 21
   cols: 1
   dt: f
   data: [ 7.66897678e-01, 1.27167630e+00, 1.50062692e+00,
       1.05457401e+00, 7.30429590e-01, 8.96609306e-01, 1.26774263e+00,
       1.20478928e+00, 1.40169024e+00, 1.97941208e+00, 1.68224621e+00,
       2.27905846e+00, 1.02460265e+00, 1.66646683e+00, 2.15249801e+00,
       1.55192626e+00, 1.44646847e+00, 1.27850974e+00, 1.40255690e+00,
       9.94248033e-01, 6.77709281e-01 ]
extrinsic_parameters: !!opencv-matrix
   rows: 21
   cols: 6
   dt: d
   data: [ 7.5675543402746195e-02, -3.2912557986143903e-01,
       1.5240595156757793e-03, -2.9833219658159066e-01,
       -7.6803819654423755e-01, 1.9308682493194787e+01,
       2.1703513243270273e-01, -1.2299754446176470e-01,
       -7.4229293463428563e-03, -2.5332732910724387e-01,
       -1.4611406654025498e+00, 2.0505125432271168e+01,
       -1.7322247301321997e-01, -1.8754611483161901e-01,
       6.9692642853466283e-02, 3.7182579609006600e-01,
       -1.5046853282232520e+00, 2.0206318290329055e+01,
       -8.7253913816923268e-02, -2.8211223649353306e-01,
       6.2444018054096030e-02, 3.3447257103011380e-01,
       -9.8510373647372973e-01, 1.9494023351951597e+01,
       -6.1333926010687392e-02, -3.6762453422710251e-01,
       6.2442974927913029e-02, 3.5523280262177409e-01,
       -4.1091046211544879e-01, 1.8589446050308460e+01,
       -5.1745136493358032e-02, -4.1087713957946348e-01,
       5.5319160219025935e-02, 2.4433886957096140e-01,
       2.9997123427542866e-01, 1.7789091537418539e+01,
       -9.7172548021770500e-02, -4.9612788417738157e-01,
       9.6089962183587396e-02, 1.3558984516312722e+00,
       4.2526774809448664e-01, 1.6785581143046667e+01,
       -1.5137272134090557e-01, -5.0187875818281336e-01,
       1.4695795048427299e-01, 1.5555738502786840e+00,
       -6.3957896659870950e-02, 1.7253911137408092e+01,
       -2.2965599393925420e-01, -4.7759605075937328e-01,
       1.9900443116067118e-01, 1.6048264297193333e+00,
       -6.6396291017288811e-01, 1.7913981608875304e+01,
       -3.6557912191845365e-01, -4.3729859401597398e-01,
       2.7568959256784809e-01, 1.7212040126618131e+00,
       -1.4121327405131769e+00, 1.8479248846177132e+01,
       -5.3099664246812887e-02, 6.3335554150581763e-01,
       -4.6669049856949585e-02, -1.9554119450614118e+00,
       2.2161980696689673e-01, 1.8112717510156195e+01,
       1.3845835754864985e-01, 5.2019723646685867e-01,
       1.1445844971760134e-01, 2.1181491692585822e-02,
       -7.6434547212044357e-01, 1.9451088405461579e+01,
       -1.6288709389778167e-02, -3.9932375704282475e-01,
       8.2144139296368081e-04, -6.7701335691710759e-02,
       -7.2541015294180078e-01, 1.9534713931946332e+01,
       8.9403412792169590e-01, 2.4223617372303971e-01,
       2.8743372958283424e+00, -1.1910325174209642e+00,
       5.1186206594887484e-02, 1.8160128266053860e+01,
       8.0205226899879734e-01, 4.6734058400556971e-01,
       2.7640262103020197e+00, -1.2070311760858770e+00,
       -8.0927760369154111e-01, 1.8804091325921984e+01,
       -7.1985458778415679e-01, -5.9127533712497782e-01,
       2.8545834819870604e+00, -5.0294681429230370e-01,
       -1.0010004005890778e+00, 2.0056404100502867e+01,
       7.0461305739124558e-01, 2.5482563069773723e-01,
       2.9625285837417725e+00, -5.2551685184481578e-01,
       -2.7980211075547834e-01, 1.8883824152052735e+01,
       -5.3033651306125272e-02, 5.0558271159181789e-01,
       -3.0015675071761973e-02, -1.2771638308496591e+00,
       7.7736797349406958e-02, 1.8554061786010962e+01,
       -1.5358759839688487e-02, 5.2358237414060071e-01,
       -1.0726567993270498e-02, -1.3249133075556816e+00,
       3.6665469124716366e-01, 1.8231886322210151e+01,
       -5.0612116512759188e-02, -4.4658402794207441e-01,
       3.3742036931016371e-02, -3.8833222607920220e-01,
       3.4291573703949030e-01, 1.7883002226691946e+01,
       1.4869821474050748e-02, -4.1319341716668623e-01,
       1.4261541370870512e-02, -3.4699020206954045e-01,
       -1.9142619485884318e-01, 1.8448705899674049e+01 ]
