%YAML:1.0
---
R: !!opencv-matrix
   rows: 3
   cols: 3
   dt: d
   data: [ 9.9938458185946477e-01, 2.7730429736593561e-03,
       3.4968096520243588e-02, -2.7607301116634791e-03,
       9.9999610901869662e-01, -4.0039570130012692e-04,
       -3.4969070774519981e-02, 3.0361181351117028e-04,
       9.9938834889598016e-01 ]
T: !!opencv-matrix
   rows: 3
   cols: 1
   dt: d
   data: [ -7.7811078660161556e-02, -9.3336776592144489e-03,
       1.0019729155341141e-02 ]
R1: !!opencv-matrix
   rows: 3
   cols: 3
   dt: d
   data: [ 9.8836799471652692e-01, 1.2082974059002470e-01,
       -9.2351939930779711e-02, -1.2155872202449031e-01,
       9.9258160299955200e-01, -2.2887740413564737e-03,
       9.1390284602925365e-02, 1.3488334804082814e-02,
       9.9572379739785721e-01 ]
R2: !!opencv-matrix
   rows: 3
   cols: 3
   dt: d
   data: [ 9.8486542963687518e-01, 1.1813763047909991e-01,
       -1.2682107778660742e-01, -1.1881147521342598e-01,
       9.9291424812260842e-01, 2.2647809440917263e-03,
       1.2619001095087734e-01, 1.2837294882447167e-02,
       9.9192302372528807e-01 ]
P1: !!opencv-matrix
   rows: 3
   cols: 4
   dt: d
   data: [ 8.8094048745739087e+02, 0., 1.2268305053710938e+03, 0., 0.,
       8.8094048745739087e+02, 5.1760120391845703e+02, 0., 0., 0., 1.,
       0. ]
P2: !!opencv-matrix
   rows: 3
   cols: 4
   dt: d
   data: [ 8.8094048745739087e+02, 0., 1.2268305053710938e+03,
       -6.9600300205218602e+01, 0., 8.8094048745739087e+02,
       5.1760120391845703e+02, 0., 0., 0., 1., 0. ]
Q: !!opencv-matrix
   rows: 4
   cols: 4
   dt: d
   data: [ 1., 0., 0., -1.2268305053710938e+03, 0., 1., 0.,
       -5.1760120391845703e+02, 0., 0., 0., 8.8094048745739087e+02, 0.,
       0., 1.2657136317801951e+01, 0. ]
