%YAML:1.0
---
R: !!opencv-matrix
   rows: 3
   cols: 3
   dt: d
   data: [ 9.9980060043562979e-01, -8.0416933687846703e-03,
       1.8278143678086334e-02, 8.2700843017899112e-03,
       9.9988824241520347e-01, -1.2454251702796982e-02,
       -1.8175947683562767e-02, 1.2602930119530861e-02,
       9.9975537061733588e-01 ]
T: !!opencv-matrix
   rows: 3
   cols: 1
   dt: d
   data: [ -5.2841253013336864e-02, 1.4307514063871969e-04,
       -1.4280680840963530e-02 ]
R1: !!opencv-matrix
   rows: 3
   cols: 3
   dt: d
   data: [ 9.6040736131588800e-01, -7.0886743990206426e-03,
       2.7850933741172490e-01, 9.1783288982233372e-03,
       9.9993865865645459e-01, -6.1997744286409664e-03,
       -2.7844830509250612e-01, 8.5105592997558686e-03,
       9.6041351082308091e-01 ]
R2: !!opencv-matrix
   rows: 3
   cols: 3
   dt: d
   data: [ 9.6536349513723219e-01, -2.6138577334527445e-03,
       2.6089555382216878e-01, 1.0219782951511190e-03,
       9.9998002703199107e-01, 6.2370744313395322e-03,
       -2.6090664578885508e-01, -5.7544143791613007e-03,
       9.6534688526889756e-01 ]
P1: !!opencv-matrix
   rows: 3
   cols: 4
   dt: d
   data: [ 2.9515986656896081e+02, 0., 1.6528596496582031e+02, 0., 0.,
       2.9515986656896081e+02, 4.9516273498535156e+02, 0., 0., 0., 1.,
       0. ]
P2: !!opencv-matrix
   rows: 3
   cols: 4
   dt: d
   data: [ 2.9515986656896081e+02, 0., 1.6528596496582031e+02,
       -1.6156211900819859e+01, 0., 2.9515986656896081e+02,
       4.9516273498535156e+02, 0., 0., 0., 1., 0. ]
Q: !!opencv-matrix
   rows: 4
   cols: 4
   dt: d
   data: [ 1., 0., 0., -1.6528596496582031e+02, 0., 1., 0.,
       -4.9516273498535156e+02, 0., 0., 0., 2.9515986656896081e+02, 0.,
       0., 1.8269125732002976e+01, 0. ]
