%YAML:1.0
---
M1: !!opencv-matrix
   rows: 3
   cols: 3
   dt: d
   data: [ 1.4545607665376519e+03, 0., 9.5587620420790847e+02, 0.,
       1.4508705852891744e+03, 5.2136646814083167e+02, 0., 0., 1. ]
D1: !!opencv-matrix
   rows: 5
   cols: 1
   dt: d
   data: [ -3.5847240690332366e-01, 1.3521926203204970e-01,
       -2.5749967983087888e-04, 4.7789394366092441e-05, 0. ]
M2: !!opencv-matrix
   rows: 3
   cols: 3
   dt: d
   data: [ 1.4649957243241968e+03, 0., 9.5648221284904957e+02, 0.,
       1.4617429096963037e+03, 5.3941910677195870e+02, 0., 0., 1. ]
D2: !!opencv-matrix
   rows: 5
   cols: 1
   dt: d
   data: [ -3.5822561012554482e-01, 1.3276551570066863e-01,
       -1.2079362492936303e-04, -1.6921995745834630e-04, 0. ]
