%YAML:1.0
---
M1: !!opencv-matrix
   rows: 3
   cols: 3
   dt: d
   data: [ 1.3551578807312637e+03, 0., 9.5171551252022141e+02, 0.,
       1.3483973854837177e+03, 5.2400150114863686e+02, 0., 0., 1. ]
D1: !!opencv-matrix
   rows: 5
   cols: 1
   dt: d
   data: [ -3.8238359187801124e-01, 1.2160128107726310e-01,
       -3.1680038793028401e-03, 2.0333022962597423e-03, 0. ]
M2: !!opencv-matrix
   rows: 3
   cols: 3
   dt: d
   data: [ 1.3950691856349829e+03, 0., 9.6840443721188819e+02, 0.,
       1.3927715069256878e+03, 5.1970351837647809e+02, 0., 0., 1. ]
D2: !!opencv-matrix
   rows: 5
   cols: 1
   dt: d
   data: [ -4.0341492263705114e-01, 1.4967930143457484e-01,
       -2.6321145914540330e-03, 4.8771002165409852e-04, 0. ]
