%YAML:1.0
---
calibration_time: "Saturday 24 August 2019 07:47:58 PM IST"
nframes: 18
image_width: 1920
image_height: 1080
board_width: 9
board_height: 6
square_size: 2.7200000360608101e-02
flags: 0
camera_matrix: !!opencv-matrix
   rows: 3
   cols: 3
   dt: d
   data: [ 2.0868825359195539e+03, 0., 9.7056339986993964e+02, 0.,
       2.0797908410967402e+03, 5.3914249461748614e+02, 0., 0., 1. ]
distortion_coefficients: !!opencv-matrix
   rows: 5
   cols: 1
   dt: d
   data: [ -3.6257792864300170e-01, 1.7237306513260786e-01,
       8.4877873664333532e-04, -1.0863759435617030e-03, 0. ]
avg_reprojection_error: 2.7561523110411584e-01
per_view_reprojection_errors: !!opencv-matrix
   rows: 18
   cols: 1
   dt: f
   data: [ 3.10382336e-01, 3.64946336e-01, 3.03012878e-01,
       4.08449441e-01, 3.82155985e-01, 2.36752629e-01, 2.52274990e-01,
       2.96776861e-01, 3.46505612e-01, 1.71874553e-01, 2.37705424e-01,
       1.88022077e-01, 1.77622542e-01, 2.32211918e-01, 2.10997418e-01,
       2.18866065e-01, 2.59592712e-01, 1.96511313e-01 ]
extrinsic_parameters: !!opencv-matrix
   rows: 18
   cols: 6
   dt: d
   data: [ 4.7659978049187990e-01, -5.9697810414675680e-02,
       3.4764822315046351e-02, -1.6966680681882648e-01,
       -3.8187450447283729e-04, 9.0733401246232048e-01,
       4.6177157840367633e-01, 3.4743472674010051e-01,
       1.8811706864178471e-01, -2.0855207756797314e-01,
       -2.9203914538431731e-02, 9.4494867847119590e-01,
       4.7825780408142049e-01, -4.4834497776394899e-01,
       -1.1795270055823887e-01, -1.9956742776939088e-01,
       2.7652299443171657e-02, 8.6461894827031704e-01,
       -5.1815548524051114e-01, -5.9636353835410376e-02,
       -1.3148615946587580e-02, -2.0451233398967694e-01,
       -4.8225888762069159e-02, 8.9939957905707435e-01,
       -5.1301235692695202e-01, 3.6686783795556266e-01,
       4.9286371439983279e-01, -1.7799626299980470e-01,
       -7.0110567162651224e-02, 9.3356501796654368e-01,
       3.7817734645949082e-05, -1.6187110493384071e-01,
       -2.8361673906543018e-02, -2.6873900128354528e-01,
       -7.8204522045180302e-02, 6.3540669334312960e-01,
       -2.5234827982703696e-03, -1.2361586453185192e-01,
       -1.5156041339333097e-02, -6.6803462655408694e-02,
       -7.7860823833355783e-02, 6.5108079134477026e-01,
       -7.0936832907455916e-03, 3.5621788763370305e-01,
       3.2126987965804549e-01, -4.2780630445997642e-02,
       -1.0908448606765493e-01, 6.9714774691708747e-01,
       1.2249294418102829e-02, -5.5129356363199855e-01,
       -3.0789071752528929e-01, -2.4536951811555488e-01,
       -4.9119854745597477e-02, 5.9725997419138732e-01,
       -1.9274267091922766e-03, -8.5233847634214308e-02,
       9.6820239829069552e-03, -2.9305744692998448e-01,
       6.6663778181420094e-02, 9.7168864921853693e-01,
       -3.7770882723862712e-03, 2.9557072123513151e-01,
       2.7121598811238123e-01, -2.6913231418637013e-01,
       2.9690522846495954e-02, 1.0255224304968040e+00,
       1.6250182079507170e-02, -4.8491710756431705e-01,
       -2.6770482885569963e-01, -3.1647848201698159e-01,
       7.7186954771716776e-02, 9.5206838689763651e-01,
       -4.2013470283186168e-03, 1.1229608568026861e-01,
       1.2146760431212920e-01, 1.0675633360594314e-01,
       5.0225772078639305e-02, 1.0227042734053362e+00,
       2.9719696139585217e-03, -3.8209102441254883e-01,
       -2.1052998499809691e-01, 9.7994079679116303e-02,
       8.6153524499070017e-02, 9.6862653129238829e-01,
       7.1691890646904373e-03, -2.4350777840999177e-02,
       3.1526874882358447e-02, 7.5799967865399359e-02,
       -6.7963823233985837e-02, 9.5436644008678684e-01,
       -6.3142223732411797e-03, 4.4219275143479986e-01,
       3.5508712325359326e-01, 8.1144211025264049e-02,
       -1.0635425569576683e-01, 1.0094128422661073e+00,
       1.0631986451322904e-02, -4.3391167763230609e-01,
       -2.5195061446439870e-01, 9.9979612393105766e-02,
       -3.3942036236123047e-02, 9.0662025082466668e-01,
       2.3908795476569876e-04, -6.2150736478699363e-02,
       1.2517450715036203e-02, -1.7511988587671914e-01,
       -6.1316463883548292e-02, 9.2909765168979230e-01 ]
