%YAML:1.0
---
images:
   - "c140/10l.jpg"
   - "c140/11l.jpg"
   - "c140/12l.jpg"
   - "c140/13l.jpg"
   - "c140/14l.jpg"
   - "c140/15l.jpg"
   - "c140/16l.jpg"
   - "c140/17l.jpg"
   - "c140/18l.jpg"
   - "c140/19l.jpg"
   - "c140/1l.jpg"
   - "c140/20l.jpg"
   - "c140/21l.jpg"
   - "c140/2l.jpg"
   - "c140/3l.jpg"
   - "c140/4l.jpg"
   - "c140/5l.jpg"
   - "c140/6l.jpg"
   - "c140/7l.jpg"
   - "c140/8l.jpg"
   - "c140/9l.jpg"
