%YAML:1.0
---
calibration_time: "Friday 11 October 2019 04:21:01 PM IST"
nframes: 21
image_width: 1920
image_height: 1080
board_width: 11
board_height: 7
square_size: 8.6000002920627594e-02
flags: 0
camera_matrix: !!opencv-matrix
   rows: 3
   cols: 3
   dt: d
   data: [ 8.5975840753536831e+03, 0., 8.9545492065945984e+02, 0.,
       7.4524649202250685e+03, 6.3411718145908776e+02, 0., 0., 1. ]
distortion_coefficients: !!opencv-matrix
   rows: 5
   cols: 1
   dt: d
   data: [ -1.3238416640274713e+00, -8.8769678734962326e+01,
       -3.9940230503818147e-01, -5.5421326394363278e-02, 0. ]
avg_reprojection_error: 1.4140149028843860e+00
per_view_reprojection_errors: !!opencv-matrix
   rows: 21
   cols: 1
   dt: f
   data: [ 7.63060629e-01, 1.23437178e+00, 1.39346683e+00,
       9.96964097e-01, 7.55971253e-01, 8.99978995e-01, 1.27202976e+00,
       1.06943369e+00, 1.29135776e+00, 1.85288417e+00, 1.82983685e+00,
       2.26044750e+00, 1.00477898e+00, 1.74817526e+00, 2.19587660e+00,
       1.61511564e+00, 1.50658131e+00, 1.38436234e+00, 1.46508527e+00,
       9.80386734e-01, 6.74252033e-01 ]
extrinsic_parameters: !!opencv-matrix
   rows: 21
   cols: 6
   dt: d
   data: [ 6.9507451057986419e-02, -4.2308567592216739e-01,
       -3.3665153678289411e-04, -2.6627969373024829e-01,
       -7.6929966185846932e-01, 2.1405740760165994e+01,
       1.5154375438027184e-01, -2.6729389009569920e-01,
       -8.6267966600764214e-03, -2.2154451475759931e-01,
       -1.4720678114004022e+00, 2.2908912763824425e+01,
       -1.0661992779133031e-01, -2.5968210726946678e-01,
       6.8826396609802179e-02, 3.8814712150428421e-01,
       -1.5298448157584208e+00, 2.2790895814977688e+01,
       -5.5778457472776044e-02, -3.6608333996115344e-01,
       5.9274551827019205e-02, 3.4542212744098105e-01,
       -9.9050528643650304e-01, 2.1727504769865025e+01,
       -5.1064529877774552e-02, -4.4224040200093578e-01,
       5.6880065848102304e-02, 3.6417845861291198e-01,
       -4.1157059640404070e-01, 2.0645855868619659e+01,
       -5.4103458331216221e-02, -4.8604571447389339e-01,
       4.6109522631363864e-02, 2.5940089802041699e-01,
       2.9940596296241523e-01, 1.9670241559643433e+01,
       -1.0589415018898204e-01, -5.5051870993024621e-01,
       8.1960444340773611e-02, 1.3312352332684858e+00,
       4.1459172834272240e-01, 1.8581665998384565e+01,
       -1.4114324625275845e-01, -5.3624923531970092e-01,
       1.2733932216153926e-01, 1.4174322208101440e+00,
       -9.9444400526632587e-02, 1.9422682078588402e+01,
       -2.1889652696805192e-01, -5.1942130169197254e-01,
       1.9147669481674104e-01, 1.5860914408472016e+00,
       -6.7721246854240069e-01, 2.0091935251861280e+01,
       -3.4687309975579667e-01, -4.7003131228765810e-01,
       2.7320543953304566e-01, 1.7149248049062911e+00,
       -1.4388398811119714e+00, 2.0883587017280867e+01,
       -4.3152073540195707e-02, 7.0191483444412606e-01,
       -5.0017884700200368e-02, -1.8392311812795010e+00,
       2.2296865817217443e-01, 1.9905573018978131e+01,
       1.2675508305181651e-01, 5.6790894125691782e-01,
       1.1107849468638810e-01, 3.8755636190192087e-02,
       -7.6208642158882323e-01, 2.1612292065525288e+01,
       -9.6119650348870673e-03, -4.7811870027260872e-01,
       -3.6028278258974731e-03, -4.5312194898698623e-02,
       -7.2123315610215322e-01, 2.1662812609807375e+01,
       9.9180221446280969e-01, 2.2907997251751652e-01,
       2.8432196128308327e+00, -1.1189313885887764e+00,
       5.3897131396816872e-02, 2.0025275434652034e+01,
       8.9620966494271503e-01, 4.5236767324287486e-01,
       2.7431645524619568e+00, -1.1432031020738878e+00,
       -8.1148005635172515e-01, 2.0865510321161203e+01,
       -8.0569624151008790e-01, -5.4197703265442043e-01,
       2.8422436505317341e+00, -4.6545998999873661e-01,
       -1.0089840250545792e+00, 2.2352138731633428e+01,
       8.1197589150870775e-01, 2.3622807628533848e-01,
       2.9375084214976610e+00, -4.8540891713650841e-01,
       -2.8170377147407033e-01, 2.0930486664771344e+01,
       -4.5639793008523638e-02, 5.8118620891191763e-01,
       -3.4013843476289989e-02, -1.1980794861961193e+00,
       7.8188241381992069e-02, 2.0438228037198801e+01,
       -1.0110175362199970e-02, 5.9742874780662203e-01,
       -1.7731499235268105e-02, -1.2406847337977651e+00,
       3.6846323336812520e-01, 2.0059958993792222e+01,
       -4.8954437670465104e-02, -5.2454336498496335e-01,
       2.7155394421513615e-02, -3.4955925586771525e-01,
       3.3915609358372700e-01, 1.9713244694035186e+01,
       1.2062553690935061e-02, -4.9202334508926926e-01,
       9.3297030245709286e-03, -3.1320799172192987e-01,
       -1.9330837309066357e-01, 2.0415199565924684e+01 ]
