%YAML:1.0
---
images:
   - "c141/10r.jpg"
   - "c141/11r.jpg"
   - "c141/12r.jpg"
   - "c141/13r.jpg"
   - "c141/14r.jpg"
   - "c141/15r.jpg"
   - "c141/16r.jpg"
   - "c141/17r.jpg"
   - "c141/18r.jpg"
   - "c141/19r.jpg"
   - "c141/1r.jpg"
   - "c141/20r.jpg"
   - "c141/21r.jpg"
   - "c141/2r.jpg"
   - "c141/3r.jpg"
   - "c141/4r.jpg"
   - "c141/5r.jpg"
   - "c141/6r.jpg"
   - "c141/7r.jpg"
   - "c141/8r.jpg"
   - "c141/9r.jpg"
