%YAML:1.0
---
images:
   - "c2141/10r.jpg"
   - "c2141/11r.jpg"
   - "c2141/1r.jpg"
   - "c2141/2r.jpg"
   - "c2141/3r.jpg"
   - "c2141/4r.jpg"
   - "c2141/5r.jpg"
   - "c2141/6r.jpg"
   - "c2141/7r.jpg"
   - "c2141/8r.jpg"
   - "c2141/9r.jpg"
