%YAML:1.0
---
images:
   - "c2140/10l.jpg"
   - "c2140/11l.jpg"
   - "c2140/1l.jpg"
   - "c2140/2l.jpg"
   - "c2140/3l.jpg"
   - "c2140/4l.jpg"
   - "c2140/5l.jpg"
   - "c2140/6l.jpg"
   - "c2140/7l.jpg"
   - "c2140/8l.jpg"
   - "c2140/9l.jpg"
