%YAML:1.0
---
calibration_time: "Friday 11 October 2019 06:46:10 PM IST"
nframes: 11
image_width: 1920
image_height: 1080
board_width: 11
board_height: 7
square_size: 8.6000002920627594e-02
flags: 0
camera_matrix: !!opencv-matrix
   rows: 3
   cols: 3
   dt: d
   data: [ 6.2463175071172536e+03, 0., 8.7690827637539235e+02, 0.,
       8.9257976835039026e+03, 5.5361123293685648e+02, 0., 0., 1. ]
distortion_coefficients: !!opencv-matrix
   rows: 5
   cols: 1
   dt: d
   data: [ -1.7964894914005780e+00, -5.8132164351877663e+01,
       -1.0227006869666659e-01, 8.0522843813698550e-02, 0. ]
avg_reprojection_error: 1.7147213840799607e+00
per_view_reprojection_errors: !!opencv-matrix
   rows: 11
   cols: 1
   dt: f
   data: [ 4.29875898e+00, 1.98837030e+00, 8.66797328e-01,
       1.32173216e+00, 7.42341280e-01, 7.89857268e-01, 1.29653990e+00,
       8.60051215e-01, 1.09974754e+00, 9.30523157e-01, 1.31936967e+00 ]
extrinsic_parameters: !!opencv-matrix
   rows: 11
   cols: 6
   dt: d
   data: [ 7.5892271919082244e-01, 9.9561524185377545e-02,
       8.8689304736684960e-02, -1.0325847115501526e-02,
       -3.7162234340397243e-01, 1.3191598171856279e+01,
       8.1490166989763835e-01, 2.5405828567758191e-03,
       1.2012552892430734e-02, -5.4261433510011996e-02,
       -3.2352384663500966e-01, 1.2649899784018402e+01,
       7.9087261986793800e-01, 1.5982828412978013e-03,
       4.2064067950735362e-02, -1.1559850220868462e-01,
       9.6371805494733440e-02, 1.2329368679984224e+01,
       8.7074173426434753e-01, 4.4928896815508351e-02,
       2.7401565476031189e-02, 2.8087706448427820e-02,
       -6.6398987500036943e-01, 1.2294276790440538e+01,
       8.1197292546567457e-01, 1.6847848160363974e-02,
       3.5951971388475938e-02, -5.1192690611815764e-02,
       -2.0360654910009265e-01, 1.2370875802051509e+01,
       7.8480824647724634e-01, 5.1470449757676333e-02,
       7.8209244615240162e-02, 9.8536517312587646e-01,
       -1.5806430406540156e-01, 1.2701831704995906e+01,
       8.5117224166521654e-01, 8.3175815365877551e-02,
       9.6541539607194152e-02, 1.0215243804790270e+00,
       -6.4583729012210944e-01, 1.2506175850185501e+01,
       7.5996666016469294e-01, 1.9251722663364279e-02,
       5.7795345169678984e-02, 8.6164213480489182e-01,
       2.5105768386823357e-01, 1.2664483896172307e+01,
       7.7755227955048345e-01, -4.1785964413298265e-02,
       8.0233221048331624e-03, -1.4417973345950308e+00,
       1.9023523421550784e-01, 1.2019902204843827e+01,
       -6.7251428909387359e-02, -1.2111283970674207e+00,
       2.8586438002336885e+00, -5.5638191694454708e-01,
       1.8403125967525641e-01, 1.2531845804399209e+01,
       -6.4163051272493915e-02, -1.2799683561975388e+00,
       2.7761365949899877e+00, -4.2212136767978858e-01,
       -3.0354418602993760e-01, 1.2514162216633194e+01 ]
image_points: !!opencv-matrix
   rows: 11
   cols: 77
   dt: "2f"
   data: [ 8.77405457e+02, 3.08543854e+02, 9.14253723e+02,
       3.12305084e+02, 9.52264648e+02, 3.16496948e+02, 9.91355652e+02,
       3.21353882e+02, 1.03140259e+03, 3.26373444e+02, 1.07240625e+03,
       3.30801941e+02, 1.11452698e+03, 3.36531616e+02, 1.15742212e+03,
       3.41747223e+02, 1.20056604e+03, 3.47500122e+02, 1.24454065e+03,
       3.53131165e+02, 1.28865112e+03, 3.59162872e+02, 8.75878906e+02,
       3.49457520e+02, 9.12518372e+02, 3.54371124e+02, 9.50261780e+02,
       3.59217834e+02, 9.88846008e+02, 3.64412781e+02, 1.02934766e+03,
       3.69555695e+02, 1.06946936e+03, 3.74565247e+02, 1.11155591e+03,
       3.80515900e+02, 1.15351672e+03, 3.86396667e+02, 1.19694910e+03,
       3.92224091e+02, 1.24049524e+03, 3.98571472e+02, 1.28461401e+03,
       4.04656555e+02, 8.74208496e+02, 3.90411102e+02, 9.10661438e+02,
       3.95650177e+02, 9.48029358e+02, 4.01101898e+02, 9.87358337e+02,
       4.06755402e+02, 1.02648193e+03, 4.12495819e+02, 1.06740100e+03,
       4.18408875e+02, 1.10850842e+03, 4.24346680e+02, 1.15052673e+03,
       4.30465179e+02, 1.19321997e+03, 4.36813873e+02, 1.23660962e+03,
       4.43320343e+02, 1.27983301e+03, 4.49725830e+02, 8.72969360e+02,
       4.31151154e+02, 9.08658997e+02, 4.36578857e+02, 9.46389709e+02,
       4.42470459e+02, 9.84573608e+02, 4.48592529e+02, 1.02435815e+03,
       4.54783630e+02, 1.06417224e+03, 4.61158264e+02, 1.10532300e+03,
       4.67392273e+02, 1.14662622e+03, 4.73886169e+02, 1.18963965e+03,
       4.80873901e+02, 1.23226990e+03, 4.87538361e+02, 1.27549182e+03,
       4.94342712e+02, 8.70991638e+02, 4.70625793e+02, 9.07368774e+02,
       4.77161255e+02, 9.44335449e+02, 4.83470215e+02, 9.82382996e+02,
       4.89652008e+02, 1.02143402e+03, 4.96654175e+02, 1.06145728e+03,
       5.03151794e+02, 1.10205408e+03, 5.09751434e+02, 1.14360034e+03,
       5.16933777e+02, 1.18532495e+03, 5.23770874e+02, 1.22770422e+03,
       5.30881042e+02, 1.27073267e+03, 5.37756226e+02, 8.70103821e+02,
       5.10388031e+02, 9.05490601e+02, 5.16720215e+02, 9.42513855e+02,
       5.23659302e+02, 9.80237793e+02, 5.30630615e+02, 1.01937518e+03,
       5.37725891e+02, 1.05841272e+03, 5.44692871e+02, 1.09900562e+03,
       5.52254089e+02, 1.13938159e+03, 5.59463562e+02, 1.18156287e+03,
       5.66445496e+02, 1.22308179e+03, 5.73626343e+02, 1.26553198e+03,
       5.80901978e+02, 8.68003540e+02, 5.49430542e+02, 9.04268372e+02,
       5.56246887e+02, 9.40366577e+02, 5.63411621e+02, 9.78284790e+02,
       5.70770691e+02, 1.01644049e+03, 5.78063477e+02, 1.05565515e+03,
       5.85390503e+02, 1.09520203e+03, 5.92945129e+02, 1.13580078e+03,
       6.00366333e+02, 1.17678723e+03, 6.08370178e+02, 1.21851648e+03,
       6.15560181e+02, 1.26044763e+03, 6.23452454e+02, 8.47817261e+02,
       3.22597717e+02, 8.91695007e+02, 3.23183472e+02, 9.34831970e+02,
       3.23333038e+02, 9.79123718e+02, 3.24268311e+02, 1.02260962e+03,
       3.24524170e+02, 1.06619641e+03, 3.24822998e+02, 1.10917786e+03,
       3.26189728e+02, 1.15183435e+03, 3.26924377e+02, 1.19354065e+03,
       3.28158752e+02, 1.23507532e+03, 3.29222961e+02, 1.27527783e+03,
       3.30291077e+02, 8.47765991e+02, 3.66273590e+02, 8.90715088e+02,
       3.66430542e+02, 9.34674744e+02, 3.67086853e+02, 9.77701111e+02,
       3.67306946e+02, 1.02190619e+03, 3.68173676e+02, 1.06501819e+03,
       3.68443481e+02, 1.10773083e+03, 3.69180298e+02, 1.15029736e+03,
       3.69711792e+02, 1.19185669e+03, 3.70630371e+02, 1.23290198e+03,
       3.71270721e+02, 1.27331653e+03, 3.72446320e+02, 8.46913818e+02,
       4.09257202e+02, 8.90407471e+02, 4.09190186e+02, 9.33927368e+02,
       4.10221375e+02, 9.77300720e+02, 4.10343994e+02, 1.02033710e+03,
       4.10660797e+02, 1.06354956e+03, 4.11275848e+02, 1.10591455e+03,
       4.11728882e+02, 1.14783875e+03, 4.11818329e+02, 1.18970398e+03,
       4.12635223e+02, 1.23099915e+03, 4.13202087e+02, 1.27104297e+03,
       4.14171173e+02, 8.47141418e+02, 4.51927673e+02, 8.89763550e+02,
       4.52289764e+02, 9.33203552e+02, 4.52455322e+02, 9.75783813e+02,
       4.52836945e+02, 1.01912500e+03, 4.53269073e+02, 1.06185669e+03,
       4.53669434e+02, 1.10428003e+03, 4.54163574e+02, 1.14608435e+03,
       4.54207733e+02, 1.18774524e+03, 4.54484314e+02, 1.22826636e+03,
       4.54640411e+02, 1.26824377e+03, 4.54724365e+02, 8.46715271e+02,
       4.94208313e+02, 8.89531494e+02, 4.94310944e+02, 9.31914673e+02,
       4.94488739e+02, 9.74910583e+02, 4.94924744e+02, 1.01768713e+03,
       4.95202667e+02, 1.06062097e+03, 4.95303223e+02, 1.10247729e+03,
       4.95316833e+02, 1.14381213e+03, 4.95437378e+02, 1.18523901e+03,
       4.96037048e+02, 1.22588721e+03, 4.96083984e+02, 1.26543677e+03,
       4.95936981e+02, 8.47087341e+02, 5.35233337e+02, 8.88792419e+02,
       5.36143127e+02, 9.32250916e+02, 5.36267944e+02, 9.73914856e+02,
       5.36298218e+02, 1.01699335e+03, 5.36475037e+02, 1.05888745e+03,
       5.36509827e+02, 1.10114795e+03, 5.36580750e+02, 1.14224292e+03,
       5.36543701e+02, 1.18295215e+03, 5.36231567e+02, 1.22344727e+03,
       5.36153320e+02, 1.26323987e+03, 5.36119995e+02, 8.46623901e+02,
