%YAML:1.0
---
calibration_time: "Friday 11 October 2019 06:45:38 PM IST"
nframes: 11
image_width: 1920
image_height: 1080
board_width: 11
board_height: 7
square_size: 8.6000002920627594e-02
flags: 0
camera_matrix: !!opencv-matrix
   rows: 3
   cols: 3
   dt: d
   data: [ 7.0355233005717846e+03, 0., 1.0259414940489660e+03, 0.,
       5.7269516932510232e+03, 5.7606006432065601e+02, 0., 0., 1. ]
distortion_coefficients: !!opencv-matrix
   rows: 5
   cols: 1
   dt: d
   data: [ -2.9112242276490781e+00, 4.6082967083561712e+01,
       -3.0561269706824090e-01, 6.9194130722468869e-02, 0. ]
avg_reprojection_error: 1.7725115151268764e+00
per_view_reprojection_errors: !!opencv-matrix
   rows: 11
   cols: 1
   dt: f
   data: [ 2.34865689e+00, 9.77515280e-01, 1.22648132e+00,
       1.82851779e+00, 1.16439140e+00, 1.22648823e+00, 2.12624049e+00,
       1.22209394e+00, 2.28901005e+00, 2.10571885e+00, 2.16614795e+00 ]
extrinsic_parameters: !!opencv-matrix
   rows: 11
   cols: 6
   dt: d
   data: [ 1.2952943092135924e-01, 6.4603101313560840e-01,
       8.8090202879354471e-02, -4.7224861327548245e-01,
       -4.5591338509912555e-01, 1.2430542380203999e+01,
       8.2183740126296173e-02, -5.9742471642387251e-01,
       -1.1183464207632870e-02, -5.0555001826339785e-01,
       -4.0967026237415688e-01, 1.2221839143522454e+01,
       1.2179007154758446e-02, -6.5379024892426385e-01,
       2.7554754395161307e-02, -5.0915645552412159e-01,
       1.8424204963208515e-01, 1.1082513136174759e+01,
       4.3844705673353045e-02, -4.8950684878960105e-01,
       1.2054508034253137e-02, -4.5780317937855874e-01,
       -9.5502526194862691e-01, 1.2855346622369987e+01,
       2.8360167839709679e-02, -5.9515300638529123e-01,
       1.8179149404169835e-02, -4.8864525115606522e-01,
       -2.3941737537098479e-01, 1.1855905967384638e+01,
       -4.3188721177231125e-02, -6.1259057470450362e-01,
       7.2333670850320039e-02, 3.5166467754704345e-01,
       -2.1441327146032038e-01, 1.2104772513591424e+01,
       -8.8758806614578370e-02, -5.3548988102519735e-01,
       1.1091092529926246e-01, 4.0873023276397435e-01,
       -9.5555157410738811e-01, 1.3100434996796899e+01,
       1.0248125758865123e+00, -3.7465257594163699e-02,
       -2.9262042552324430e+00, 9.0597385884231685e-01,
       9.0047009405791067e-01, 1.1625748568980136e+01,
       -1.6080342082047380e-01, 6.1949608964861091e-01,
       -4.9454755223625919e-02, -1.5211021768362938e+00,
       3.9314202279088972e-01, 1.0700351645808619e+01,
       8.4421173939198457e-01, 2.5577412263228161e-01,
       2.9243508454343692e+00, -8.4135944576726585e-01,
       3.3589954889644824e-01, 1.0977109088131947e+01,
       7.2215219180477663e-01, 2.7573462318773684e-01,
       2.9143324418801533e+00, -7.9821188607189653e-01,
       -3.5805448601735851e-01, 1.2022754175561673e+01 ]
image_points: !!opencv-matrix
   rows: 11
   cols: 77
   dt: "2f"
   data: [ 7.59686584e+02, 3.63548889e+02, 7.95362915e+02,
       3.66741089e+02, 8.31450989e+02, 3.70279388e+02, 8.69450012e+02,
       3.73285461e+02, 9.07686523e+02, 3.77257507e+02, 9.47599609e+02,
       3.80395782e+02, 9.88251221e+02, 3.84457672e+02, 1.02965710e+03,
       3.88115479e+02, 1.07182349e+03, 3.92595215e+02, 1.11452637e+03,
       3.96557892e+02, 1.15757922e+03, 4.00572479e+02, 7.59040222e+02,
       4.03387970e+02, 7.94017639e+02, 4.07151672e+02, 8.30565308e+02,
       4.10670349e+02, 8.67721863e+02, 4.14777130e+02, 9.06507324e+02,
       4.18442749e+02, 9.46151001e+02, 4.22540588e+02, 9.86368530e+02,
       4.26601959e+02, 1.02738232e+03, 4.31115845e+02, 1.06941919e+03,
       4.35418488e+02, 1.11157227e+03, 4.40251221e+02, 1.15452661e+03,
       4.44615417e+02, 7.58300781e+02, 4.42690918e+02, 7.93395508e+02,
       4.46580627e+02, 8.29547729e+02, 4.50914581e+02, 8.66814026e+02,
       4.55345001e+02, 9.05217163e+02, 4.59731049e+02, 9.43865540e+02,
       4.63542603e+02, 9.84373413e+02, 4.68450012e+02, 1.02531384e+03,
       4.73231812e+02, 1.06663269e+03, 4.78556946e+02, 1.10846643e+03,
       4.82667297e+02, 1.15138367e+03, 4.87571991e+02, 7.57614136e+02,
       4.81404297e+02, 7.92716187e+02, 4.86166687e+02, 8.28534241e+02,
       4.90534637e+02, 8.65765625e+02, 4.95507599e+02, 9.03569763e+02,
       5.00094818e+02, 9.42483215e+02, 5.05500977e+02, 9.82421814e+02,
       5.10165680e+02, 1.02273993e+03, 5.15388489e+02, 1.06370374e+03,
       5.19719910e+02, 1.10562158e+03, 5.25404846e+02, 1.14764001e+03,
       5.29787292e+02, 7.57442566e+02, 5.19790466e+02, 7.92183167e+02,
       5.24850220e+02, 8.28078491e+02, 5.29907654e+02, 8.64401489e+02,
       5.34671692e+02, 9.02329895e+02, 5.40418823e+02, 9.41013245e+02,
       5.45477173e+02, 9.80446045e+02, 5.50665405e+02, 1.02057330e+03,
       5.56139404e+02, 1.06149365e+03, 5.61520691e+02, 1.10244263e+03,
       5.66762329e+02, 1.14455322e+03, 5.72386658e+02, 7.57049927e+02,
       5.57681885e+02, 7.91706848e+02, 5.63349304e+02, 8.26914124e+02,
       5.68357910e+02, 8.63668274e+02, 5.74385986e+02, 9.01123596e+02,
       5.79566711e+02, 9.39325378e+02, 5.85369019e+02, 9.78364136e+02,
       5.90824402e+02, 1.01830377e+03, 5.96585022e+02, 1.05863452e+03,
       6.02247498e+02, 1.09956677e+03, 6.07682922e+02, 1.14080884e+03,
       6.12883057e+02, 7.56744629e+02, 5.95364441e+02, 7.91005432e+02,
       6.00633057e+02, 8.26489685e+02, 6.06513306e+02, 8.62568848e+02,
       6.12414917e+02, 9.00010071e+02, 6.18495667e+02, 9.37617554e+02,
       6.24406250e+02, 9.76500916e+02, 6.30302795e+02, 1.01555035e+03,
       6.36150330e+02, 1.05578162e+03, 6.42323730e+02, 1.09651550e+03,
       6.48108459e+02, 1.13737622e+03, 6.53573730e+02, 7.32995544e+02,
       3.77901001e+02, 7.74685242e+02, 3.77301147e+02, 8.15985107e+02,
       3.76728119e+02, 8.57877441e+02, 3.76157104e+02, 8.99564453e+02,
       3.75676086e+02, 9.40947266e+02, 3.74865997e+02, 9.82235535e+02,
       3.74643829e+02, 1.02321979e+03, 3.74267090e+02, 1.06331262e+03,
       3.74243713e+02, 1.10309070e+03, 3.73872192e+02, 1.14180981e+03,
       3.74154205e+02, 7.33762878e+02, 4.19715179e+02, 7.74696228e+02,
       4.19011200e+02, 8.16206543e+02, 4.18493622e+02, 8.57702820e+02,
       4.17968231e+02, 8.99336182e+02, 4.16880493e+02, 9.40710754e+02,
       4.16624786e+02, 9.81677612e+02, 4.15733215e+02, 1.02211426e+03,
       4.15449097e+02, 1.06229761e+03, 4.14644012e+02, 1.10179871e+03,
       4.14462708e+02, 1.14077722e+03, 4.13805206e+02, 7.34183105e+02,
       4.60923035e+02, 7.75277039e+02, 4.60570618e+02, 8.16488525e+02,
       4.59896423e+02, 8.57797607e+02, 4.58839966e+02, 8.99155701e+02,
       4.58257782e+02, 9.40196167e+02, 4.57326141e+02, 9.81095642e+02,
       4.56906952e+02, 1.02140314e+03, 4.55629547e+02, 1.06148364e+03,
       4.55292603e+02, 1.10083679e+03, 4.54462982e+02, 1.13936902e+03,
       4.53801208e+02, 7.34659851e+02, 5.02200256e+02, 7.75861755e+02,
       5.01522247e+02, 8.16979797e+02, 5.00854187e+02, 8.58059937e+02,
       4.99984283e+02, 8.98785217e+02, 4.98873352e+02, 9.39782410e+02,
       4.98098175e+02, 9.80406006e+02, 4.96867645e+02, 1.02077844e+03,
       4.96337158e+02, 1.06022412e+03, 4.94892883e+02, 1.09949475e+03,
       4.94141357e+02, 1.13775916e+03, 4.93115417e+02, 7.35854553e+02,
       5.42825073e+02, 7.76646179e+02, 5.41864136e+02, 8.17283936e+02,
       5.40949585e+02, 8.57919922e+02, 5.39934753e+02, 8.98789612e+02,
       5.38849426e+02, 9.39546265e+02, 5.37943298e+02, 9.79849670e+02,
       5.37156677e+02, 1.01966345e+03, 5.35623474e+02, 1.05917749e+03,
       5.34749817e+02, 1.09780249e+03, 5.33211243e+02, 1.13614038e+03,
       5.31843811e+02, 7.36776978e+02, 5.82489075e+02, 7.77617920e+02,
       5.81953125e+02, 8.17743896e+02, 5.80749939e+02, 8.58518005e+02,
       5.80075195e+02, 8.98758850e+02, 5.78745056e+02, 9.39385437e+02,
       5.77607178e+02, 9.78939758e+02, 5.75873352e+02, 1.01915643e+03,
       5.75095093e+02, 1.05760974e+03, 5.73021912e+02, 1.09686365e+03,
       5.72130066e+02, 1.13465796e+03, 5.70124878e+02, 7.37790100e+02,
