%YAML:1.0
---
calibration_time: "Sunday 28 July 2019 06:04:51 PM IST"
nframes: 41
image_width: 1920
image_height: 1080
board_width: 9
board_height: 6
square_size: 2.7200000360608101e-02
flags: 0
camera_matrix: !!opencv-matrix
   rows: 3
   cols: 3
   dt: d
   data: [ 3.1661033796051547e+03, 0., 9.7433629504812427e+02, 0.,
       2.9430735158036205e+03, 5.3163269526589829e+02, 0., 0., 1. ]
distortion_coefficients: !!opencv-matrix
   rows: 5
   cols: 1
   dt: d
   data: [ -5.3190369049884600e-01, -5.1656598006394860e-01,
       3.1003109607912697e-02, -2.3115469234008730e-03, 0. ]
avg_reprojection_error: 2.5782230133419515e+00
per_view_reprojection_errors: !!opencv-matrix
   rows: 41
   cols: 1
   dt: f
   data: [ 1.82911479e+00, 1.26303923e+00, 9.98970628e-01,
       1.89151454e+00, 2.41146326e+00, 2.17908311e+00, 7.26059675e-01,
       7.29907870e-01, 1.68678427e+00, 8.70825648e-01, 1.41953492e+00,
       1.02156079e+00, 1.04484272e+00, 1.55408490e+00, 1.73715079e+00,
       9.93012786e-01, 1.13397098e+00, 1.00874031e+00, 1.45975089e+00,
       1.53080058e+00, 1.16680217e+00, 1.72469568e+00, 3.98384643e+00,
       4.59243488e+00, 3.84940171e+00, 6.39079094e+00, 1.74304962e+00,
       6.35226345e+00, 1.30830991e+00, 6.26202679e+00, 2.83172417e+00,
       1.93320572e+00, 2.04313469e+00, 2.17677164e+00, 1.29421246e+00,
       1.87500548e+00, 2.57914495e+00, 2.68205094e+00, 1.48156738e+00,
       1.91992462e+00, 1.89427340e+00 ]
extrinsic_parameters: !!opencv-matrix
   rows: 41
   cols: 6
   dt: d
   data: [ 8.1104584383090894e-01, 3.1193057693640908e-01,
       3.0886881201211462e+00, -3.6890861286165666e-01,
       9.6248619115210016e-02, 1.8268521757834435e+00,
       -3.4184157727982845e-01, -1.6200753449856023e-01,
       -3.0572881173401232e+00, -3.5599635693916737e-01,
       1.0088443762521661e-01, 1.8767803253525082e+00,
       9.8839748504452840e-01, -3.4961200823478383e-01,
       -2.9292262134315159e+00, -3.3057616112466531e-01,
       1.0518674033325248e-01, 1.9129421478085074e+00,
       -3.0292500713139781e-01, -1.0860835575575610e-01,
       -3.1000823427867128e+00, 2.6175910200266276e-02,
       9.7019654787688786e-02, 1.7434674247391391e+00,
       1.0151772024703418e+00, -4.0310754433642187e-01,
       -2.9495753009192285e+00, 3.8573305907904615e-02,
       1.0025660026298372e-01, 1.7521249341909519e+00,
       -7.4201785410432142e-01, -4.7729486286233208e-01,
       -2.9704540996930664e+00, 6.6920840858900946e-02,
       8.6230926029472188e-02, 1.7480033455216575e+00,
       4.7265051731371477e-01, -2.1813922281897824e-02,
       -3.1312760470263545e+00, 5.4643664441061079e-01,
       9.8481319435808942e-02, 1.9862599239035870e+00,
       1.0812656144993740e+00, 2.1928831320337974e-01,
       2.9104437812728361e+00, 5.2568246608420066e-01,
       9.0694806204048697e-02, 1.8507658761712555e+00,
       8.8988459328387837e-01, -1.2806319632606708e-01,
       -3.0192380233050877e+00, 5.2438573464267846e-01,
       9.7498985857155898e-02, 1.9245953402287359e+00,
       5.7888725733342516e-01, -1.4707480445601567e-01,
       -3.0851582813159464e+00, 5.1350513486672522e-01,
       -1.5669433302971475e-01, 1.9256840054503310e+00,
       3.8811385820504429e-01, -8.3370872871296658e-02,
       -3.1357917302766127e+00, 4.7397059781008155e-01,
       2.4769681366883164e-01, 1.7386928824806958e+00,
       -1.0469457002996252e+00, -1.3045790834182830e-01,
       -2.9844061035634755e+00, 4.8449562576377575e-01,
       -1.6167252504572796e-01, 1.8259961817882597e+00,
       6.7228837028273258e-01, -1.7479335808421809e-01,
       -3.0550274542383433e+00, 5.1090162294063346e-01,
       -1.5354554641228588e-01, 1.9466462757179877e+00,
       -7.8222230367499945e-01, -1.8527436044917028e-01,
       -3.0204847513272610e+00, 4.1437009111269615e-02,
       -1.5379781374682011e-01, 1.8200977108324172e+00,
       1.0016051627863318e+00, -2.4004765160356903e-01,
       -2.8989007501070336e+00, 6.7597180824705408e-02,
       -1.3765496163808905e-01, 1.9718903774320520e+00,
       -2.4954902657230835e-01, 5.4705890351105499e-02,
       -3.0363166855289823e+00, -4.3214360585682615e-01,
       -1.5285015242113859e-01, 2.0768676883653128e+00,
       1.1624075500873481e+00, -2.0441633041640833e-01,
       -2.8270585201885878e+00, -4.1246900953254906e-01,
       -1.4302306996180214e-01, 2.0885429486463254e+00,
       -7.1705942318455651e-01, -1.3992759105764910e-01,
       -3.0010508285883173e+00, -4.3059402565990729e-01,
       -1.5611861790616155e-01, 2.0115409354844043e+00,
       4.9828965084609561e-01, 2.7186414115225777e-01,
       -3.0366543001044679e+00, 1.5282335465490865e-01,
       -1.1089187603488174e-01, 2.0920557936593620e+00,
       8.5787271952221078e-01, -3.7697517366286820e-01,
       2.8892096845028963e+00, 1.4227794932929688e-01,
       -1.1974476255875545e-01, 1.9934710200108363e+00,
       -9.9820648415758262e-01, -3.7975989942115707e-01,
       -2.9281043586543101e+00, 4.1703878209568912e-01,
       2.4000380264702900e-01, 1.6123375867934326e+00,
       8.7616268912516626e-01, 3.6284148515655085e-01,
       -2.8241303140254956e+00, 8.0485673088379228e-02,
       -1.0864967780483717e-01, 2.0588652302076902e+00,
       -4.5859230088204195e-01, -6.8531831759588713e-02,
       3.0599010271847633e+00, 1.4844780057994056e-01,
       -1.3164327020782202e-02, 1.1190511691046965e+00,
       9.5454338806759931e-01, -7.5480933358868491e-02,
       -2.9967552982645902e+00, 1.2515961380206111e-01,
       -2.8762234941914380e-03, 1.1691062266935150e+00,
       9.0366193345649937e-01, 1.1611637711875615e-01,
       2.9392369329190839e+00, 1.2242577427267397e-01,
       -1.4433422324974786e-02, 1.0137964225063856e+00,
       -2.7708702341839664e-01, -1.8104597100055089e-01,
       3.0182585956954795e+00, 3.5201056793180868e-01,
       -2.1265601726012474e-02, 1.2112710719831956e+00,
       -4.9674371258964511e-01, -1.0853090390703930e-02,
       3.0411746868951988e+00, 3.0150944831753274e-01,
       -1.4808231735972559e-02, 1.1307359212224011e+00,
       1.0629683845665490e+00, -9.7332584389858090e-02,
       -2.9658933030993406e+00, 2.4752741657165528e-01,
       -6.6709418388601650e-03, 1.0916430974543543e+00,
       5.1538480676934828e-01, -8.9089685113047466e-04,
       3.1004372210783049e+00, -1.4784335192043219e-01,
       -6.3319885054293782e-03, 1.1978332515535766e+00,
       -2.9608195505892282e-01, 1.8402351778015619e-01,
       -3.0724386043171488e+00, -1.5317390527455849e-01,
       -1.0148887462051539e-03, 1.2428929344710811e+00,
       7.6514430310120884e-01, 5.3175313260261349e-02,
       3.0350107073498154e+00, -1.8478974035779283e-01,
       -9.7808529408422318e-03, 1.1600082884792970e+00,
       7.4844291959522691e-01, -1.8994361760823203e-01,
       -3.0924496683415494e+00, 4.6508186754001968e-01,
       2.4720573804281129e-01, 1.7716699769488939e+00,
       1.7910558937113082e-02, 4.0042850121903462e-01,
       -8.0968382520033938e-02, -3.8221296799465160e-01,
       6.6871630248538386e-02, 1.3755592394679816e+00,
       -5.7122012924795518e-02, 2.6364412363550410e-01,
       -1.1369827118446134e-01, -1.6510493629263731e-01,
       7.7266785556483517e-02, 1.3696586888585802e+00,
       6.1330234154221244e-02, -3.3132880359091976e-01,
       -1.2299668469533087e-01, 1.8188466737640560e-01,
       7.1075632605588357e-02, 1.3896538144542463e+00,
       4.0646873139320455e-01, -1.8346220656503082e-01,
       -3.0885205799470410e+00, 1.2386374028870212e-01,
       2.6282682046475503e-01, 1.6718292023592343e+00,
       -8.7413496365730203e-01, -2.8117818375310388e-01,
       -2.9489840070814117e+00, 1.0366184746968066e-01,
       2.5693355195215972e-01, 1.5851409660519287e+00,
       9.1864152481179662e-01, -2.8709254072545481e-01,
       -3.0266585874958731e+00, 1.3034384906749918e-01,
       2.6031525179855963e-01, 1.7232034438329991e+00,
       -4.5286880176052258e-01, -1.0661237490409477e-01,
