%YAML:1.0
---
calibration_time: "Sunday 28 July 2019 07:37:28 PM IST"
nframes: 40
image_width: 1920
image_height: 1080
board_width: 9
board_height: 6
square_size: 2.7200000360608101e-02
flags: 0
camera_matrix: !!opencv-matrix
   rows: 3
   cols: 3
   dt: d
   data: [ 1.4354744710321220e+03, 0., 9.7228319848147453e+02, 0.,
       1.4318613459339940e+03, 5.6686301275865651e+02, 0., 0., 1. ]
distortion_coefficients: !!opencv-matrix
   rows: 5
   cols: 1
   dt: d
   data: [ -3.5331070513717705e-01, 1.2399700274428446e-01,
       -5.2429082360386215e-04, -1.6172295918983534e-03, 0. ]
avg_reprojection_error: 4.2679342572299395e-01
per_view_reprojection_errors: !!opencv-matrix
   rows: 40
   cols: 1
   dt: f
   data: [ 2.49922916e-01, 2.63866067e-01, 3.01453739e-01,
       2.31789693e-01, 3.06060225e-01, 2.86204875e-01, 3.46891880e-01,
       2.88399905e-01, 2.24547625e-01, 2.58776516e-01, 4.96387154e-01,
       4.11321789e-01, 2.54608303e-01, 3.42655838e-01, 3.41906130e-01,
       3.18389237e-01, 3.18619430e-01, 3.39447170e-01, 3.27384382e-01,
       4.66654956e-01, 5.10683596e-01, 3.70207369e-01, 4.83190835e-01,
       4.15995806e-01, 4.35891002e-01, 4.99144226e-01, 6.61022007e-01,
       6.46513045e-01, 7.70075500e-01, 7.04285085e-01, 6.54614329e-01,
       6.60559237e-01, 2.66710758e-01, 6.43519998e-01, 2.46583149e-01,
       2.96925753e-01, 2.61246979e-01, 4.43884641e-01, 3.38912576e-01,
       2.97388107e-01 ]
extrinsic_parameters: !!opencv-matrix
   rows: 40
   cols: 6
   dt: d
   data: [ 8.4373909408154937e-02, 2.3102049438761335e-01,
       -8.7837705350916048e-02, -5.5579868608862726e-01,
       -1.0867860882570408e-01, 8.2684370605647950e-01,
       1.1709554169021116e-01, -1.5772179695443689e-01,
       -7.0641649031533568e-02, -5.5554848060651185e-01,
       -1.0844119122644810e-01, 7.6912939022026350e-01,
       1.4629598941645103e-01, -8.7799716720589838e-01,
       -3.7936837275022485e-02, -4.7581034862828886e-01,
       -1.0602473694948136e-01, 6.7419482835215028e-01,
       9.6765946855430024e-02, 4.3055961497271276e-02,
       -8.3501692578178452e-02, -1.2280568388977617e-01,
       -1.0122660171082229e-01, 8.0522122306852006e-01,
       7.1978603233977159e-02, 6.4711701759529183e-01,
       -1.1239713393240208e-01, -1.1396521872057100e-01,
       -1.0107897573985929e-01, 8.5791641079784364e-01,
       1.4463586360972766e-01, -3.8723085463066592e-01,
       -7.3488590642691656e-02, -7.7553696208157108e-02,
       -9.7937045107505671e-02, 7.3253478406639905e-01,
       5.3236600708395483e-02, 9.6579208320731869e-01,
       -1.6454577709315388e-01, 3.7062301232393985e-01,
       -9.5334207729949230e-02, 8.6437212161688337e-01,
       1.4342382002538193e-01, 2.4394440297736106e-01,
       -1.3561964715504840e-01, 3.0210450714915221e-01,
       -9.5128593678753301e-02, 8.1352884936166758e-01,
       1.6455335912148567e-01, -2.0211315747261580e-01,
       -1.0475825865192838e-01, 3.2318474318758783e-01,
       -9.0502157899398070e-02, 7.3803792189071127e-01,
       -3.6431874769270112e-01, 7.4927681637729796e-02,
       -1.0039757184304962e-01, 3.1224652519819585e-01,
       9.4521844887881443e-02, 8.0712753451437325e-01,
       -1.4846580914031777e-02, 3.4583480389515731e-01,
       -6.7582696813168627e-02, 3.9236650731019740e-01,
       -3.3484149865651625e-01, 8.7651276677216960e-01,
       -3.6993505443050473e-01, 9.3448245614047043e-01,
       -8.5449448874569706e-02, 3.4725291047515700e-01,
       1.0534410912632075e-01, 8.7281862693295120e-01,
       -3.3829810985638503e-01, 4.1654698212224554e-02,
       -1.1645486944737811e-01, 2.6269705931142334e-01,
       8.0087515546666377e-02, 7.1018176751016171e-01,
       -3.4635928599006516e-01, 1.6090838466334662e-01,
       -1.1370148313864983e-01, -9.4639974867954599e-02,
       7.5719591178555590e-02, 7.5572172337387067e-01,
       -2.7631097603573268e-01, -4.1497500185510028e-01,
       -1.1752029154885803e-01, -1.0329754522150317e-01,
       6.5631882502388481e-02, 6.8876832660086607e-01,
       -3.1516391804494820e-01, 6.3278321883420885e-01,
       -1.3509669844841371e-01, -1.0555778042811344e-01,
       8.3837994110043140e-02, 7.9964489502175706e-01,
       -2.4547148447584918e-01, -1.0404005950649424e-01,
       -1.2307139173899710e-01, -4.6229751357221072e-01,
       5.5089124920492588e-02, 6.6580546864864576e-01,
       -1.5256501833421426e-01, -9.6940819328073569e-01,
       -7.2207931438487416e-02, -3.9042920067704384e-01,
       4.3734989928627538e-02, 5.9964738987504140e-01,
       -2.2368318490442035e-01, 2.4086870955746612e-01,
       -1.4515722357218655e-01, -4.5411439058526792e-01,
       5.3447530465445682e-02, 6.6553658186727893e-01,
       -3.7396551129167621e-02, 2.5235349201865309e-01,
       -6.7266614921147508e-02, 1.8057970228914689e-02,
       -8.3170260619403233e-02, 5.2955580014115622e-01,
       -6.4266486323212038e-02, 8.1704681331797135e-01,
       -5.8290666790317948e-02, 3.9514769486793160e-02,
       -8.2337410201892905e-02, 5.7412601798274454e-01,
       -5.7934577249300151e-02, 8.4690151203961073e-01,
       -5.6667386620234753e-02, 4.1613582313863728e-01,
       -3.3338938097656962e-01, 9.2850752005118753e-01,
       3.6343722515644931e-02, -3.9418665521788770e-01,
       -1.1112574891737634e-01, -2.9485084278774845e-02,
       -7.8350753850439339e-02, 4.4298408276793821e-01,
       3.7241881243687443e-03, 3.4031027546360754e-01,
       -9.9260345972450356e-02, -2.7930936168931619e-01,
       -8.4391280436327543e-02, 4.8531460551731342e-01,
       3.3596420043649676e-02, -7.0700205432444929e-02,
       -1.0513748716903816e-01, -2.7373180108303685e-01,
       -8.2491724001817160e-02, 4.1669050672198321e-01,
       8.9419690582366360e-02, -8.2282907241051506e-01,
       -1.1496625367725125e-01, -2.2900856133244729e-01,
       -7.8707069181647243e-02, 3.4245031767726691e-01,
       -7.5236168281399751e-01, 9.5175491805231285e-02,
       -3.8011600831736936e-02, -7.9784092876006726e-02,
       -1.8633405844260020e-01, 5.7717841936484682e-01,
       -6.9134597617025539e-01, -4.3810006561071801e-01,
       -2.7155991643086635e-01, -1.7035558131445863e-01,
       -1.8526079288780153e-01, 5.0106473208019919e-01,
       -7.3847719123251043e-01, 5.6324253214983933e-01,
       1.5351132172979581e-01, -1.2324790486806633e-01,
       -1.6072358450780375e-01, 6.1805811002130151e-01,
       -7.4963712663485438e-01, 7.1831459360798222e-01,
       2.1296123574991160e-01, 8.8737737337823114e-02,
       3.0473096080634522e-03, 5.3281413018530721e-01,
       -7.4770364769417963e-01, 1.9546361697374204e-01,
       -1.6738733145582066e-02, 6.2501186514464357e-03,
       3.1235498459072039e-03, 4.9806652386870942e-01,
       -7.1406050609171756e-01, -1.7461791063615598e-01,
       -1.6424242031398067e-01, -2.8043815656063492e-01,
       -1.8062653641530331e-03, 4.5116749938267764e-01,
       1.2527963828969525e-02, -4.6444914158641583e-02,
       -8.1117899170822419e-02, 3.5862034997509584e-01,
       -3.3408160461183029e-01, 8.1653560196369512e-01,
       -6.2505021008133088e-01, -7.9426322763018697e-01,
       -4.2064633067830315e-01, -2.6093123862352735e-01,
       1.2226633376506142e-03, 3.7770820360963481e-01,
       -3.9667932187350723e-03, 1.5873522979649954e-01,
       -7.9127852482578448e-02, -2.2466326708783815e-02,
       -3.2061504591723217e-01, 9.0141292928688321e-01,
       -2.7234886362444276e-02, 5.4479030103848347e-01,
       -5.9444209010184927e-02, -2.6295382082989250e-02,
       -3.0317209135974621e-01, 9.5025224678725484e-01,
       2.1608072782520828e-02, -3.7863588495381112e-01,
       -8.5441706129495171e-02, -6.4598660391297106e-03,
       -3.0032177061099752e-01, 8.6760864853901487e-01,
       3.0579918573998961e-02, -1.3238044325538298e-01,
       -5.8485622535873590e-02, -5.8912686743541276e-01,
       -3.1162715786487033e-01, 8.0612971091092922e-01,
       6.2660415497730645e-02, -6.8586972193445706e-01,
