%YAML:1.0
---
images:
   - "cc3_140/left10.jpg"
   - "cc3_140/left11.jpg"
   - "cc3_140/left12.jpg"
   - "cc3_140/left13.jpg"
   - "cc3_140/left14.jpg"
   - "cc3_140/left15.jpg"
   - "cc3_140/left16.jpg"
   - "cc3_140/left17.jpg"
   - "cc3_140/left18.jpg"
   - "cc3_140/left19.jpg"
   - "cc3_140/left1.jpg"
   - "cc3_140/left20.jpg"
   - "cc3_140/left21.jpg"
   - "cc3_140/left22.jpg"
   - "cc3_140/left23.jpg"
   - "cc3_140/left24.jpg"
   - "cc3_140/left25.jpg"
   - "cc3_140/left26.jpg"
   - "cc3_140/left27.jpg"
   - "cc3_140/left2.jpg"
   - "cc3_140/left3.jpg"
   - "cc3_140/left4.jpg"
   - "cc3_140/left5.jpg"
   - "cc3_140/left6.jpg"
   - "cc3_140/left7.jpg"
   - "cc3_140/left8.jpg"
   - "cc3_140/left9.jpg"
