%YAML:1.0
---
images:
   - "cc3_141/right10.jpg"
   - "cc3_141/right11.jpg"
   - "cc3_141/right12.jpg"
   - "cc3_141/right13.jpg"
   - "cc3_141/right14.jpg"
   - "cc3_141/right15.jpg"
   - "cc3_141/right16.jpg"
   - "cc3_141/right17.jpg"
   - "cc3_141/right18.jpg"
   - "cc3_141/right19.jpg"
   - "cc3_141/right1.jpg"
   - "cc3_141/right20.jpg"
   - "cc3_141/right21.jpg"
   - "cc3_141/right22.jpg"
   - "cc3_141/right23.jpg"
   - "cc3_141/right24.jpg"
   - "cc3_141/right25.jpg"
   - "cc3_141/right26.jpg"
   - "cc3_141/right27.jpg"
   - "cc3_141/right2.jpg"
   - "cc3_141/right3.jpg"
   - "cc3_141/right4.jpg"
   - "cc3_141/right5.jpg"
   - "cc3_141/right6.jpg"
   - "cc3_141/right7.jpg"
   - "cc3_141/right8.jpg"
   - "cc3_141/right9.jpg"
