%YAML:1.0
---
calibration_time: "Tuesday 15 October 2019 07:08:27 PM IST"
nframes: 27
image_width: 1920
image_height: 1080
board_width: 9
board_height: 6
square_size: 2.7200000360608101e-02
flags: 0
camera_matrix: !!opencv-matrix
   rows: 3
   cols: 3
   dt: d
   data: [ 1.3950691856349829e+03, 0., 9.6840443721188819e+02, 0.,
       1.3927715069256878e+03, 5.1970351837647809e+02, 0., 0., 1. ]
distortion_coefficients: !!opencv-matrix
   rows: 5
   cols: 1
   dt: d
   data: [ -4.0341492263705114e-01, 1.4967930143457484e-01,
       -2.6321145914540330e-03, 4.8771002165409852e-04, 0. ]
avg_reprojection_error: 5.0928636003858541e-01
per_view_reprojection_errors: !!opencv-matrix
   rows: 27
   cols: 1
   dt: f
   data: [ 3.39936703e-01, 5.10222018e-01, 4.37560529e-01,
       4.37663227e-01, 4.78792727e-01, 4.57688272e-01, 4.96972412e-01,
       3.86666685e-01, 4.16585535e-01, 3.69142056e-01, 2.75866985e-01,
       4.78634655e-01, 5.06491542e-01, 4.05330330e-01, 3.82947087e-01,
       4.57995892e-01, 5.92042327e-01, 4.17755067e-01, 6.20418131e-01,
       6.50550544e-01, 4.55030143e-01, 4.48185414e-01, 3.81771117e-01,
       7.07084298e-01, 1.05234456e+00, 5.10422289e-01, 5.11808872e-01 ]
extrinsic_parameters: !!opencv-matrix
   rows: 27
   cols: 6
   dt: d
   data: [ 1.1438462731782729e-01, -5.0409433830301820e-01,
       -3.3724804187755270e-03, -7.5554448901514651e-02,
       -5.2305523232511579e-02, 5.2647183726960778e-01,
       1.0981543178789538e-01, -9.3567067004387561e-01,
       -2.4021905242413315e-02, -3.1368421866796314e-01,
       -5.0147415458826790e-02, 4.5366543859290914e-01,
       1.4080906389448941e-01, -8.0757388201588620e-02,
       1.6236443383679022e-02, 1.6094976699826546e-01,
       -5.6801624475351489e-02, 4.9808349738245566e-01,
       2.8920186775947193e-01, -1.2243634458484269e-01,
       3.8495231839034728e-03, 1.4038673920976766e-01,
       -1.3400865218876612e-01, 4.7260566820466732e-01,
       2.8289784251511563e-01, -4.8124360460837512e-01,
       -4.1348301416020486e-02, -6.5558054241633384e-02,
       -1.4621776679477189e-01, 4.9132275915543111e-01,
       2.7624892874614515e-01, -8.8470904331130851e-01,
       -9.6569872297404102e-02, -2.9078539492108652e-01,
       -1.3797569544648450e-01, 4.2829827336036752e-01,
       -5.1071309624961786e-02, -9.4375145130322946e-01,
       6.4505780918420727e-02, -3.2186681130318173e-01,
       3.9379106355286110e-02, 4.6887437741441101e-01,
       -5.6114976023815023e-02, -4.9598221674058957e-01,
       5.0503996769224270e-02, -7.6770595044672221e-02,
       4.9828536902603561e-02, 5.4844455663998115e-01,
       -6.4440227900978392e-02, -7.3821116629105912e-02,
       3.8996554083498454e-02, 1.6293687777803761e-01,
       5.4495065879963299e-02, 5.2139886445804440e-01,
       -6.6288117188309692e-01, -5.5418888202351621e-02,
       -5.4474559718740408e-03, -1.1578110722171844e-01,
       -5.5676982008347913e-02, 6.4710193177303399e-01,
       7.7616757914728982e-02, 3.0611782744888988e-02,
       3.7317038172639497e-02, -1.1869497494162044e-01,
       -5.7534341632222784e-02, 7.6134563507844211e-01,
       -6.4104286263928467e-01, -4.6366935102482720e-01,
       -1.7281917953103756e-01, -3.9927023780553766e-01,
       -5.8374756509042863e-02, 5.4519659882037863e-01,
       -6.6805242804619924e-01, 3.2266152688305533e-01,
       1.4700157382986945e-01, 1.6089762851790626e-01,
       -4.8106213581101599e-02, 6.2920862396061494e-01,
       -4.3718849569918450e-01, 2.6741541368768318e-01,
       1.5239595576897905e-01, 1.2800602751130491e-01,
       -2.0111728518109329e-01, 5.7996924876353040e-01,
       -4.4941160635859750e-01, -7.2961696187739131e-03,
       5.5193070204781558e-03, -8.5798231307671183e-02,
       -1.9966862444423905e-01, 5.9775386623243854e-01,
       -4.2703913827804579e-01, -3.6163122817308579e-01,
       -1.7970829341156089e-01, -3.4978645361109434e-01,
       -1.8956023271414474e-01, 5.2005299958001650e-01,
       -8.8441842463744491e-01, -4.5672270131523318e-01,
       -1.1839320276329009e-01, -3.8494912976211437e-01,
       9.3263379108011107e-02, 5.7681761225806039e-01,
       -9.0140224598895458e-01, -6.4977151858831975e-02,
       -5.4828341383776564e-03, -1.2363494517738795e-01,
       1.0795500382535557e-01, 6.6635233752297285e-01,
       -9.0157158248723002e-01, 3.6442491486463902e-01,
       1.1884484771739640e-01, 1.7777861077619059e-01,
       1.1082422091434781e-01, 6.4054888153315259e-01,
       7.4418485398386011e-02, -3.7510554026838000e-01,
       8.4274586554682271e-03, -4.5579988796040033e-01,
       -6.0340197641225453e-02, 6.3115404311136436e-01,
       5.9128924043628260e-02, 4.7259562772471747e-01,
       6.2156165201448864e-02, 2.5914105089014938e-01,
       -5.4245317633432572e-02, 7.4934414938591853e-01,
       3.1280823360531174e-01, 4.3662011383243737e-01,
       1.2086840321381523e-01, 2.3033524927901591e-01,
       -2.4646626348402875e-01, 6.8792841325206100e-01,
       3.0376585986388543e-01, 8.3154538166467003e-03,
       4.9018772654805698e-02, -1.2345558139030700e-01,
       -2.4216489450127621e-01, 6.9807176051333664e-01,
       2.5654939250198333e-01, -3.5514977959763239e-01,
       -3.1444826467016157e-02, -4.4737274712359332e-01,
       -2.1472619040216251e-01, 5.8181095793828752e-01,
       -1.1707063890796658e-01, -3.5685739481211393e-01,
       5.3620608072466179e-02, -4.9489464407634198e-01,
       1.1795787667159846e-01, 6.2994341992482772e-01,
       -1.1887841698859879e-01, 6.0572406054031094e-02,
       1.8070801219481642e-02, -8.5642230380042858e-02,
       1.4754294742642518e-01, 7.8431758069719548e-01,
       -1.6283093835534324e-01, 4.3823602175670584e-01,
       -1.9604695639937879e-02, 2.3904092859009526e-01,
       1.4956241720107560e-01, 7.6993044799022159e-01 ]
