%YAML:1.0
---
calibration_time: "Tuesday 15 October 2019 06:48:48 PM IST"
nframes: 27
image_width: 1920
image_height: 1080
board_width: 9
board_height: 6
square_size: 2.7200000360608101e-02
flags: 0
camera_matrix: !!opencv-matrix
   rows: 3
   cols: 3
   dt: d
   data: [ 1.3551578807312637e+03, 0., 9.5171551252022141e+02, 0.,
       1.3483973854837177e+03, 5.2400150114863686e+02, 0., 0., 1. ]
distortion_coefficients: !!opencv-matrix
   rows: 5
   cols: 1
   dt: d
   data: [ -3.8238359187801124e-01, 1.2160128107726310e-01,
       -3.1680038793028401e-03, 2.0333022962597423e-03, 0. ]
avg_reprojection_error: 5.3807865941683386e-01
per_view_reprojection_errors: !!opencv-matrix
   rows: 27
   cols: 1
   dt: f
   data: [ 4.35709238e-01, 5.71356297e-01, 3.80323976e-01,
       3.86457950e-01, 5.96513450e-01, 4.79549348e-01, 4.26480681e-01,
       5.47472358e-01, 6.89296305e-01, 3.96007657e-01, 3.38812858e-01,
       5.61782598e-01, 6.26934230e-01, 4.50136930e-01, 6.23317599e-01,
       5.69384933e-01, 7.12664723e-01, 4.05950189e-01, 5.49069881e-01,
       4.34635669e-01, 5.64312637e-01, 8.89552474e-01, 4.85821307e-01,
       6.65080309e-01, 4.96816874e-01, 4.02522981e-01, 4.56956655e-01 ]
extrinsic_parameters: !!opencv-matrix
   rows: 27
   cols: 6
   dt: d
   data: [ 1.6058233613688358e-01, -4.7585341570615008e-01,
       -2.6741172803461831e-03, -6.2855414856393288e-02,
       -6.2970780598636741e-02, 5.1552151520944556e-01,
       1.5036440084723338e-01, -9.5284289517855192e-01,
       -2.9619249344531130e-02, -3.1421344799321332e-01,
       -5.6281492045925537e-02, 4.1588322486538409e-01,
       1.6171573627209276e-01, -9.3130368182556239e-02,
       1.7708097479382266e-02, 1.6625139256259122e-01,
       -5.6421666261677127e-02, 5.1149634119109821e-01,
       3.2917678189932786e-01, -8.6057225308389773e-02,
       1.0907039335459001e-02, 1.6986873200162605e-01,
       -1.4846834044164153e-01, 4.7411654332108361e-01,
       3.2089895372438193e-01, -4.6321444036971454e-01,
       -3.8461658522296972e-02, -5.5457190642199096e-02,
       -1.5285250670044584e-01, 4.8180618501110251e-01,
       3.1917668483290706e-01, -8.8124983668873380e-01,
       -8.7642409316717573e-02, -2.7602444641720203e-01,
       -1.3676580654171319e-01, 4.0296706304113478e-01,
       -3.8164877766452589e-02, -1.0337510185130461e-01,
       2.1641619782961266e-02, 1.6225645081521792e-01,
       5.7856787678168139e-02, 5.2560518128860589e-01,
       -4.8094666944793890e-02, -5.3213697426887752e-01,
       4.2445961097079904e-02, -8.5502573539256929e-02,
       5.9966470378764264e-02, 5.3261644557185961e-01,
       -4.6261127778884761e-02, -1.0078866213132611e+00,
       6.1270813333396582e-02, -3.2707874755294619e-01,
       4.5710928012091284e-02, 4.2099325885572536e-01,
       -6.6927495181667318e-01, 4.8877747760807201e-02,
       -3.4941760031879543e-02, -8.0545991604961273e-02,
       -3.8962543945270059e-02, 6.6567584055883433e-01,
       4.1344017899621152e-02, -8.1956285521028710e-02,
       2.8448582477716679e-02, -6.5229306195033490e-02,
       -5.8454315892035418e-02, 7.1414326742042800e-01,
       -6.4405125712436029e-01, -3.7874046362320962e-01,
       -1.8631288781769265e-01, -3.7871630088192471e-01,
       -3.4259432360527170e-02, 5.5957407308807783e-01,
       -6.8313364298700763e-01, 3.8358844022321859e-01,
       9.4062055324561522e-02, 1.7323086433317478e-01,
       -2.6057029904098271e-02, 6.6899390985107676e-01,
       -4.3083909773043017e-01, 3.4321219244051249e-01,
       1.4486258101424279e-01, 1.6639001018922764e-01,
       -2.0443209395123998e-01, 6.0778275830530715e-01,
       -4.1965822389144997e-01, 3.2044319143443897e-02,
       -2.5126403455545777e-02, -9.2421700240444535e-02,
       -2.1407035548131562e-01, 6.0290253395385829e-01,
       -3.8575900834823934e-01, -3.5368593998533587e-01,
       -2.2364069919541049e-01, -3.8210858938825798e-01,
       -1.8991224633049023e-01, 4.9178118376511487e-01,
       -8.5069207918684542e-01, -4.4039676003788364e-01,
       -1.7352423388184346e-01, -4.0171376510064610e-01,
       9.1708868653021761e-02, 5.5684380384538479e-01,
       -8.9922308070163903e-01, -3.2918333521828665e-02,
       -6.3611672963682295e-02, -1.3421508481511218e-01,
       1.2070600215224804e-01, 6.7406646857719799e-01,
       -8.9235849469439488e-01, 4.5744617583201513e-01,
       6.2970808412473323e-02, 2.1216375682778779e-01,
       1.1893741352351776e-01, 6.7142288329846156e-01,
       3.3856677605074831e-03, -6.2984238561812134e-01,
       -1.8859477224568476e-03, -4.3862862064100316e-01,
       -4.8724884324012604e-02, 5.6881587230126529e-01,
       2.6069993391768703e-01, -6.1675657853250143e-01,
       -6.1711968735838257e-02, -4.3293580970941414e-01,
       -1.9532633241680383e-01, 5.0960803008833788e-01,
       -2.3628980985353848e-01, -6.3983013636585784e-01,
       7.3209813495187917e-02, -4.7369518032865537e-01,
       1.1675992393570342e-01, 5.6483290454228774e-01,
       -1.7952041295365290e-01, -7.7329216608925222e-02,
       2.4668516343853520e-02, -8.1069566260021361e-02,
       1.3363843952456211e-01, 7.3277341248707861e-01,
       -1.9908064739138931e-01, 3.9974162805813857e-01,
       -3.0034026634197072e-02, 3.0041902186329561e-01,
       1.4429313431161103e-01, 6.9147289509401511e-01,
       5.9303289299836089e-02, 3.8394526326170897e-01,
       5.4982296728992290e-02, 2.8961882234707964e-01,
       -5.7838667391952141e-02, 6.7855697351839273e-01,
       2.8972159641248213e-01, 3.0736737570932660e-01,
       1.0455395106333661e-01, 2.5409806324558010e-01,
       -2.2821379366242614e-01, 6.2741299072757117e-01,
       2.7818967800632055e-01, -1.2340341832255849e-01,
       2.5595747481335140e-02, -9.0181139056681972e-02,
       -2.3752981747770738e-01, 6.4730426029175581e-01 ]
