%YAML:1.0
---
images:
   - "cc4_124/right10.jpg"
   - "cc4_124/right11.jpg"
   - "cc4_124/right12.jpg"
   - "cc4_124/right13.jpg"
   - "cc4_124/right14.jpg"
   - "cc4_124/right15.jpg"
   - "cc4_124/right16.jpg"
   - "cc4_124/right17.jpg"
   - "cc4_124/right18.jpg"
   - "cc4_124/right19.jpg"
   - "cc4_124/right1.jpg"
   - "cc4_124/right20.jpg"
   - "cc4_124/right21.jpg"
   - "cc4_124/right22.jpg"
   - "cc4_124/right23.jpg"
   - "cc4_124/right24.jpg"
   - "cc4_124/right25.jpg"
   - "cc4_124/right26.jpg"
   - "cc4_124/right27.jpg"
   - "cc4_124/right2.jpg"
   - "cc4_124/right3.jpg"
   - "cc4_124/right4.jpg"
   - "cc4_124/right5.jpg"
   - "cc4_124/right6.jpg"
   - "cc4_124/right7.jpg"
   - "cc4_124/right8.jpg"
   - "cc4_124/right9.jpg"
