%YAML:1.0
---
calibration_time: "Wednesday 16 October 2019 07:30:54 PM IST"
nframes: 27
image_width: 1920
image_height: 1080
board_width: 9
board_height: 6
square_size: 2.7200000360608101e-02
flags: 0
camera_matrix: !!opencv-matrix
   rows: 3
   cols: 3
   dt: d
   data: [ 1.4395391727807314e+03, 0., 9.6254084368788688e+02, 0.,
       1.4357215260386220e+03, 5.6450018991882689e+02, 0., 0., 1. ]
distortion_coefficients: !!opencv-matrix
   rows: 5
   cols: 1
   dt: d
   data: [ -3.5115426968077723e-01, 1.2139792095477907e-01,
       -3.7705282674419823e-04, -1.0169210314662888e-03, 0. ]
avg_reprojection_error: 3.4145355001103977e-01
per_view_reprojection_errors: !!opencv-matrix
   rows: 27
   cols: 1
   dt: f
   data: [ 2.84175754e-01, 3.20146441e-01, 3.21410716e-01,
       3.47106874e-01, 3.38263541e-01, 3.93992305e-01, 3.75134140e-01,
       3.61824483e-01, 3.56293678e-01, 3.30209792e-01, 2.55873144e-01,
       3.98457289e-01, 3.18289697e-01, 3.71921360e-01, 4.11393017e-01,
       3.73292238e-01, 3.72798383e-01, 4.09199268e-01, 4.49829906e-01,
       2.98897892e-01, 3.01354676e-01, 2.99863547e-01, 2.24907622e-01,
       2.18295559e-01, 2.34981120e-01, 4.39228177e-01, 2.56802410e-01 ]
extrinsic_parameters: !!opencv-matrix
   rows: 27
   cols: 6
   dt: d
   data: [ -6.8096648182792457e-02, -5.5530315683095066e-01,
       -1.0390088786491061e-03, -8.0464217970452084e-02,
       -7.4024568845209082e-02, 5.8806937997803821e-01,
       -6.3224181037706606e-02, -7.8761971844987289e-01,
       8.4946419935951565e-03, -3.5835729619065848e-01,
       -8.2765847866506329e-02, 5.0547455481719072e-01,
       -7.4886733477839432e-02, -1.7325454972574925e-01,
       -1.5825195907976368e-02, 1.9117764045207702e-01,
       -7.7043244099988376e-02, 5.2004133922243556e-01,
       -7.8830663002612711e-02, -1.7291600643864333e-01,
       -1.6723085646453101e-02, 1.9014624129617103e-01,
       1.7792937548445083e-02, 5.1378547052218837e-01,
       -7.0794896378146108e-02, -5.2958513970117382e-01,
       -2.0522645302036538e-03, -9.7879269184684661e-02,
       7.6130328528039876e-03, 4.9060874462865717e-01,
       -5.5813012354251922e-02, -1.0377083562094298e+00,
       1.5220803998765851e-02, -2.8902521731176728e-01,
       -6.2547625058530064e-05, 4.0997758869207596e-01,
       -3.8401036727102371e-02, -9.5514288078195730e-01,
       -2.0054190700523819e-02, -3.6540799728854567e-01,
       -2.0017445780056789e-01, 5.0516688003358567e-01,
       -5.0512750328200622e-02, -6.9083296954827123e-01,
       -3.3277144317706814e-02, -1.0277334979916476e-01,
       -1.9437899667504638e-01, 5.4654601817266379e-01,
       -7.2055378260210037e-02, -1.4658549489125530e-01,
       -5.1805670778330100e-02, 1.8244977158314646e-01,
       -1.9240021020781287e-01, 5.4475006535861603e-01,
       -4.3219241477318726e-01, 3.0814950807614705e-01,
       6.7828601213980558e-02, 1.4800673061309147e-01,
       -2.1836708047702413e-01, 6.1308150863066624e-01,
       -6.8857903652771391e-02, -1.0214694001665710e-01,
       3.0719390986846000e-02, -1.4587322949802284e-01,
       1.4141404445086461e-01, 9.2297507785514266e-01,
       -4.3647888129636692e-01, 1.0195620774583117e-02,
       2.3664551251078889e-02, -9.1796290031499042e-02,
       -2.2016932671768807e-01, 6.1530105179976979e-01,
       -4.0638914174131380e-01, -4.4941080771521957e-01,
       -9.5897451456256444e-02, -3.7633965442446832e-01,
       -2.2171623971802068e-01, 5.3835800303225623e-01,
       -6.7479277008187666e-01, -7.3588436119624463e-03,
       -1.8879124337656743e-02, -1.0193114184242573e-01,
       6.1573675535446980e-02, 6.0959833357032489e-01,
       -6.7360427361538255e-01, 3.6300922590317974e-01,
       7.7971492249697946e-02, 1.3499395135618053e-01,
       5.1853401919280874e-02, 5.8635061197841765e-01,
       -6.5739806019818336e-01, -2.4136181118925315e-01,
       -7.6045039075833751e-02, -3.4124173598012980e-01,
       4.2019612456179467e-02, 5.2294585105270353e-01,
       -6.5442232582909632e-01, -2.3216582999863822e-01,
       -7.4139707111848141e-02, -3.4021293573790379e-01,
       -6.2245094334576097e-02, 5.3038280295066409e-01,
       -6.6692031479960279e-01, -1.5925091219136447e-02,
       -1.7047423560030785e-02, -1.0165146923002866e-01,
       -5.8318317604715252e-02, 5.4763051159046117e-01,
       -6.6782323418697143e-01, 2.1941869002787737e-01,
       3.7863330792623294e-02, 8.0677343050667788e-02,
       -5.4962584747020121e-02, 5.7102685336004488e-01,
       -6.9463433845254899e-02, 3.1123951102913666e-01,
       8.2435409915872313e-03, 3.7406318626808016e-01,
       1.4029925339470614e-01, 8.5871700699727960e-01,
       -7.7187483446498673e-02, -4.2917788468900109e-01,
       4.2555867466668618e-02, -5.3016879438721787e-01,
       1.2260683866424935e-01, 7.2621082303086582e-01,
       -6.7635909401725494e-02, -4.3699543390529849e-01,
       4.9395292958585246e-02, -5.2981409116244327e-01,
       -8.9557094630383652e-02, 7.4714012340365143e-01,
       -8.1568518088833766e-02, -1.6349036569675839e-02,
       2.5026294413753526e-02, -7.8085734131734405e-02,
       -7.6762994604301485e-02, 8.4695453160868239e-01,
       -7.1466352955859819e-02, 1.8953814620606332e-01,
       1.5856442283199206e-02, 3.2237497981970858e-01,
       -7.5343696461423484e-02, 8.2119307374567130e-01,
       -7.8942698870492017e-02, -4.2206236147419800e-02,
       2.9828607407158678e-02, -1.0940518898256597e-01,
       -3.5567225302630878e-01, 1.0018721563909534e+00,
       -6.9511790958596803e-02, -3.4435911513648093e-01,
       4.5025802386615195e-02, -6.3951387800399262e-01,
       -3.7236898657438089e-01, 8.6717342137329223e-01,
       -6.9815905075177639e-02, 2.0958246723085305e-01,
       1.6359875600283520e-02, 4.0151107919930784e-01,
       -3.5396972664617748e-01, 9.6780301209731290e-01 ]
