%YAML:1.0
---
calibration_time: "Wednesday 16 October 2019 08:10:14 PM IST"
nframes: 27
image_width: 1920
image_height: 1080
board_width: 9
board_height: 6
square_size: 2.7200000360608101e-02
flags: 0
camera_matrix: !!opencv-matrix
   rows: 3
   cols: 3
   dt: d
   data: [ 1.4372985399366323e+03, 0., 9.5709460801546129e+02, 0.,
       1.4321001869702334e+03, 5.4849507439699312e+02, 0., 0., 1. ]
distortion_coefficients: !!opencv-matrix
   rows: 5
   cols: 1
   dt: d
   data: [ -3.5052630002947976e-01, 1.2056041496855377e-01,
       -5.4373226105794848e-04, -4.4618773255760541e-04, 0. ]
avg_reprojection_error: 3.4322137476145798e-01
per_view_reprojection_errors: !!opencv-matrix
   rows: 27
   cols: 1
   dt: f
   data: [ 3.03224355e-01, 3.05928946e-01, 2.38097563e-01,
       3.43223989e-01, 3.46238941e-01, 3.23222965e-01, 3.02264273e-01,
       3.84959489e-01, 3.70653421e-01, 4.29936051e-01, 1.96200997e-01,
       4.54016268e-01, 4.50268954e-01, 4.29268330e-01, 4.14777070e-01,
       4.11617905e-01, 3.14446062e-01, 4.76890594e-01, 2.85845548e-01,
       2.18971282e-01, 2.58767545e-01, 2.19506428e-01, 2.43878528e-01,
       3.28086525e-01, 2.17260346e-01, 3.40682507e-01, 3.99824619e-01 ]
extrinsic_parameters: !!opencv-matrix
   rows: 27
   cols: 6
   dt: d
   data: [ -5.5891575707740331e-02, -5.6584346723775902e-01,
       7.8343250435331576e-03, -9.5150850921099928e-02,
       -2.1507926423569826e-01, 6.0805785397168644e-01,
       -5.0484403146599265e-02, -9.4261713202794217e-01,
       1.7132793622893876e-02, -4.0485001117362335e-01,
       -2.2335269668438543e-01, 5.6163875424133503e-01,
       -5.5109911496240803e-02, -1.2135770424704809e-01,
       6.9434831607169953e-04, 2.3715239574772018e-01,
       -2.1158606362958396e-01, 5.9520959693274211e-01,
       -5.8265794056012350e-02, -5.4913077462541959e-01,
       1.4441683188802240e-02, -5.7076673262364978e-02,
       -6.6541857584402453e-02, 4.8865900658280342e-01,
       -6.3012189729342971e-02, -8.3829387490030571e-01,
       2.2819066365897939e-02, -3.3450454029467608e-01,
       -7.3726283333191034e-02, 4.7218591409613586e-01,
       -6.1915100822136207e-02, -1.9783062820722466e-01,
       7.0992797426943921e-03, 1.8545804712519284e-01,
       -6.3234513287197092e-02, 5.1292659077672087e-01,
       -6.4857144629971941e-02, -2.1480869785550938e-01,
       6.4784305191769396e-03, 1.8479717831444767e-01,
       2.9402965943726860e-02, 5.0783166290868731e-01,
       -5.8169098640945396e-02, -6.3543703325126288e-01,
       1.5208080995544262e-02, -5.9057313482853174e-02,
       1.3752633154739739e-02, 4.9308347361568555e-01,
       -5.6455896389565073e-02, -1.0545808386659146e+00,
       2.3728028774424165e-02, -3.0394206216849801e-01,
       5.4346559824412430e-03, 4.2428803488706562e-01,
       -6.9470720190636681e-01, -2.7874386212690860e-01,
       -1.2797281046170028e-01, -3.5906028101292226e-01,
       6.5650816411897323e-02, 5.1805251599940294e-01,
       -5.7630077183872516e-02, -1.2419056562103968e-01,
       1.1247895724216432e-02, -8.3377290086898412e-02,
       -8.6292009153354957e-02, 8.5383128872074032e-01,
       -8.7662427137349697e-01, -2.2071095468231713e-02,
       2.9113080138739832e-02, -7.0611567063439101e-02,
       4.9411566547833408e-02, 5.5970067022215886e-01,
       -8.6443886993466845e-01, 3.4237870265807840e-01,
       1.7521668125010270e-01, 1.1333521744971978e-01,
       5.1423603515926702e-02, 5.5278678962083561e-01,
       -8.6321279060583944e-01, 2.4423279214839411e-01,
       1.3754040331754189e-01, 9.8070029505969741e-02,
       -5.5708697316210663e-02, 5.5281446436403769e-01,
       -8.6910017835862041e-01, -5.0085491205017615e-03,
       4.1486497909008775e-02, -1.1935905466504439e-01,
       -5.9007034995290732e-02, 5.4176292796196102e-01,
       -8.5166066365952320e-01, -4.5056818273281313e-01,
       -1.3758959036420376e-01, -3.0614786224471019e-01,
       -6.4907083764661047e-02, 5.0290949407520269e-01,
       -5.7274977781301784e-01, -5.9160021650571348e-01,
       -1.5198331617547284e-01, -3.1795326036907223e-01,
       -1.5745511690048505e-01, 4.6175313567026161e-01,
       -6.0606396736404722e-01, -2.9373769624467822e-03,
       -4.4047150510118617e-05, -1.0573176135805849e-01,
       -1.5048794795145268e-01, 5.1990583619144259e-01,
       -6.0351400311120773e-01, 3.7163538842637128e-01,
       9.4501458456542398e-02, 9.1049368575517223e-02,
       -1.4721109624175016e-01, 5.3638027054114068e-01,
       -5.2983907498181722e-02, 1.9286135914711761e-01,
       -2.1523986705345791e-03, 3.6909117953528636e-01,
       -8.1397595122322183e-02, 8.6150442748094092e-01,
       -3.0363197474909051e-02, -4.2598046564179315e-01,
       3.2340218209028639e-02, -7.0663376821362833e-01,
       -9.7295541011970993e-02, 9.7382030814489862e-01,
       -4.6926004090222462e-02, -4.2053085088344250e-01,
       1.9958563715605195e-02, -6.7019035325602139e-01,
       1.5477794865609498e-01, 8.9116849599833758e-01,
       -4.9339010322363631e-02, -1.0311151241732643e-01,
       7.8876643240020205e-03, -1.0009914485428427e-01,
       1.6889892309564772e-01, 9.0431436223663364e-01,
       -5.4561307926838117e-02, 2.4941435698911124e-01,
       -5.8520998209401079e-03, 3.7517506249796856e-01,
       1.7080650976352860e-01, 8.2961284588545192e-01,
       -6.1666979515361396e-02, -4.2840862005929480e-02,
       8.8077598983431569e-03, -1.1165717787090627e-01,
       -3.1616325125100581e-01, 9.2128500499963617e-01,
       -4.8865558644809168e-02, -1.8760252615730616e-01,
       2.3802340335847810e-02, -5.9439170588156598e-01,
       -3.3134359185506029e-01, 8.0679692666082814e-01,
       -5.4289743899026431e-02, 2.1300141747664228e-01,
       -1.3013091592172972e-03, 3.7743765277790708e-01,
       -3.1296772424820529e-01, 8.2808249665047640e-01 ]
