%YAML:1.0
---
images:
   - "cc4_123/left10.jpg"
   - "cc4_123/left11.jpg"
   - "cc4_123/left12.jpg"
   - "cc4_123/left13.jpg"
   - "cc4_123/left14.jpg"
   - "cc4_123/left15.jpg"
   - "cc4_123/left16.jpg"
   - "cc4_123/left17.jpg"
   - "cc4_123/left18.jpg"
   - "cc4_123/left19.jpg"
   - "cc4_123/left1.jpg"
   - "cc4_123/left20.jpg"
   - "cc4_123/left21.jpg"
   - "cc4_123/left22.jpg"
   - "cc4_123/left23.jpg"
   - "cc4_123/left24.jpg"
   - "cc4_123/left25.jpg"
   - "cc4_123/left26.jpg"
   - "cc4_123/left27.jpg"
   - "cc4_123/left2.jpg"
   - "cc4_123/left3.jpg"
   - "cc4_123/left4.jpg"
   - "cc4_123/left5.jpg"
   - "cc4_123/left6.jpg"
   - "cc4_123/left7.jpg"
   - "cc4_123/left8.jpg"
   - "cc4_123/left9.jpg"
