%YAML:1.0
---
M1: !!opencv-matrix
   rows: 3
   cols: 3
   dt: d
   data: [ 2.2656810622915582e+03, 0., 9.6214822786777688e+02, 0.,
       2.2709795787099370e+03, 5.4042513087558973e+02, 0., 0., 1. ]
D1: !!opencv-matrix
   rows: 1
   cols: 14
   dt: d
   data: [ -2.6516547281810926e-01, -7.5639801152071595e-01, 0., 0., 0.,
       0., 0., -3.7015278530450346e+00, 0., 0., 0., 0., 0., 0. ]
M2: !!opencv-matrix
   rows: 3
   cols: 3
   dt: d
   data: [ 2.2656810622915582e+03, 0., 9.5282043662029503e+02, 0.,
       2.2709795787099370e+03, 5.4077010000451855e+02, 0., 0., 1. ]
D2: !!opencv-matrix
   rows: 1
   cols: 14
   dt: d
   data: [ -3.1813844559510240e-01, -5.5179755681022624e-01, 0., 0., 0.,
       0., 0., -2.6891409165924691e+00, 0., 0., 0., 0., 0., 0. ]
