%YAML:1.0
---
calibration_time: "Saturday 24 August 2019 07:47:38 PM IST"
nframes: 18
image_width: 1920
image_height: 1080
board_width: 9
board_height: 6
square_size: 2.7200000360608101e-02
flags: 0
camera_matrix: !!opencv-matrix
   rows: 3
   cols: 3
   dt: d
   data: [ 2.2286562059959879e+03, 0., 9.5878635311616893e+02, 0.,
       2.2214481633933287e+03, 5.4388981628170916e+02, 0., 0., 1. ]
distortion_coefficients: !!opencv-matrix
   rows: 5
   cols: 1
   dt: d
   data: [ -3.3981935704347449e-01, 9.9902710407943324e-02,
       1.1561562050257199e-03, -3.3649751003375545e-05, 0. ]
avg_reprojection_error: 2.9652278003541527e-01
per_view_reprojection_errors: !!opencv-matrix
   rows: 18
   cols: 1
   dt: f
   data: [ 3.40249747e-01, 3.88537407e-01, 3.54347765e-01,
       4.65327412e-01, 3.75752181e-01, 2.62234986e-01, 2.87099391e-01,
       2.77952105e-01, 3.73888135e-01, 1.71695560e-01, 2.55150259e-01,
       2.16507137e-01, 1.95398748e-01, 2.50310361e-01, 2.36029536e-01,
       2.25757584e-01, 2.73478478e-01, 2.01615125e-01 ]
extrinsic_parameters: !!opencv-matrix
   rows: 18
   cols: 6
   dt: d
   data: [ 4.9879735038184070e-01, -5.4812861180297427e-02,
       2.7505776741408739e-02, -7.5500845310669334e-02,
       -2.0611540467158952e-02, 9.0670542989516423e-01,
       4.8395668331175840e-01, 3.5184475583130675e-01,
       1.8539435992496378e-01, -1.1433316677469942e-01,
       -5.0087186018638694e-02, 9.4466070660003332e-01,
       4.9817879909927282e-01, -4.4018738230661486e-01,
       -1.2915985940496516e-01, -1.0567469973892539e-01,
       8.3748876466980902e-03, 8.6508409174404322e-01,
       -4.9730681860991599e-01, -4.8561687112455711e-02,
       -1.6072872065526992e-02, -1.1040942178926048e-01,
       -6.8214963103082352e-02, 8.9887295685907687e-01,
       -4.9031061866508507e-01, 3.7129601532207335e-01,
       4.9371730641196609e-01, -8.3526802498605696e-02,
       -9.0893362646107617e-02, 9.3181660531515309e-01,
       1.8994943918251097e-02, -1.5289836510893534e-01,
       -3.4981201554748140e-02, -1.7644113690016941e-01,
       -9.2371117209203019e-02, 6.3530994658975048e-01,
       2.0601565920676863e-02, -1.1340811278932694e-01,
       -2.2006862275143681e-02, 2.5483277057292010e-02,
       -9.3305699754066745e-02, 6.4889259444046521e-01,
       1.2722088602521860e-02, 3.6223087765108802e-01,
       3.2008764453116845e-01, 4.9830637825955905e-02,
       -1.2561792136219041e-01, 6.9424952899969938e-01,
       3.2029892713578513e-02, -5.3862283931990784e-01,
       -3.1812376654535662e-01, -1.5331409064523285e-01,
       -6.2528485017247670e-02, 5.9751168505448138e-01,
       2.1603113124628700e-02, -7.7305092733412170e-02,
       4.3693013156770981e-03, -1.9815341585715313e-01,
       4.5610898283035599e-02, 9.7385282533625583e-01,
       1.9504305147289409e-02, 3.0000556903542241e-01,
       2.6970977204632041e-01, -1.7414235071673448e-01,
       7.4512298548858403e-03, 1.0269447742064550e+00,
       3.2810006375466716e-02, -4.7308420712562316e-01,
       -2.7743302712067708e-01, -2.2202587286044681e-01,
       5.6649092667800667e-02, 9.5547357831019286e-01,
       2.1604751457167941e-02, 1.1883252909692835e-01,
       1.1630873001351155e-01, 2.0168026568132447e-01,
       2.6174895788708814e-02, 1.0219444137093083e+00,
       2.3433917306041878e-02, -3.7090521064208432e-01,
       -2.2021700527577359e-01, 1.9272656815915465e-01,
       6.3231505678982766e-02, 9.6893891372760688e-01,
       3.1705481054017458e-02, -1.6327457368482033e-02,
       2.5046233457380156e-02, 1.6976587745846322e-01,
       -9.0398456211129880e-02, 9.5111751991788129e-01,
       1.2388421355448799e-02, 4.4766875304150999e-01,
       3.5494343581972337e-01, 1.7542070091311721e-01,
       -1.2997075221651441e-01, 1.0056579550552627e+00,
       3.0281539886217936e-02, -4.2210250749277278e-01,
       -2.6199585721444990e-01, 1.9379727628915117e-01,
       -5.5594499396538224e-02, 9.0436087768441686e-01,
       2.2088902182471913e-02, -5.8340558154989126e-02,
       6.8755582790442256e-03, -8.1033267492806149e-02,
       -8.2001103324076327e-02, 9.2697067498483976e-01 ]
